A9 A6 A123 Rty7 Rty5 Rty18 D102 Rty23 Rty21 Rty3 E105 E115 A101 A120
10RS03 RS 140 144 184 184 211 211 246 248 244 248 175 175 117 121 177 187 213 213 237 243 183 191 204 210 258 270 262 282
10RS04 RS 142 142 176 186 197 213 244 246 244 248 175 175 117 121 187 187 213 215 237 237 191 191 204 210 270 270 270 270
10RS05 RS 124 144 184 184 209 213 242 244 240 248 175 175 117 117 177 187 213 213 239 243 185 189 210 210 264 270 262 288
10RS06 RS 140 142 182 186 211 211 242 246 240 250 177 177 121 121 177 187 213 213 231 231 183 189 210 210 252 270 256 262
10RS07 RS 140 142 182 186 211 211 242 246 240 250 177 177 121 121 177 187 213 213 231 231 183 189 210 210 250 268 256 262
10RS08 RS 142 144 184 184 211 217 230 242 248 250 175 177 121 121 187 189 213 215 231 243 183 191 210 210 252 276 262 266
10RS09 RS 142 144 184 186 211 211 244 248 248 248 175 175 117 125 187 187 213 213 231 243 183 185 210 210 0 0 274 286
10RS11 RS 140 144 182 184 211 211 230 250 248 250 175 175 117 125 169 173 213 215 231 237 183 185 210 222 252 256 262 264
10RS13 RS 142 144 182 184 211 215 230 246 240 250 175 175 117 121 177 193 213 213 231 237 183 183 210 210 246 270 262 272
10RS14 RS 144 144 0 0 217 217 0 0 0 0 0 0 117 121 0 0 213 217 0 0 0 0 204 210 260 276 0 0
10RS15 RS 142 144 184 184 211 211 230 244 242 248 175 175 117 125 187 187 213 215 243 243 183 189 204 210 260 276 256 280
10RS16 RS 140 140 182 184 197 211 230 244 248 250 175 177 117 125 177 187 213 213 231 243 191 191 210 222 0 0 262 274
10RS20 RS 140 144 182 186 197 215 246 248 240 244 175 175 121 125 187 187 213 213 231 237 189 189 210 222 284 288 268 272
10RS23 RS 142 144 182 186 211 211 246 250 244 248 175 175 117 121 181 191 213 213 243 243 183 187 204 210 266 268 266 286
10RS24 RS 144 144 182 184 197 211 246 246 250 250 175 175 121 125 181 189 213 213 237 243 185 189 210 220 250 262 260 268
10RS25 RS 142 144 182 184 211 217 246 250 240 242 175 175 117 125 177 187 213 213 243 243 189 191 204 210 260 260 266 284
10RS26 RS 142 144 182 182 211 211 246 252 240 248 175 177 117 117 169 179 213 213 231 243 183 185 210 210 252 272 256 282
10RS28 RS 140 144 182 184 211 211 246 246 244 244 175 175 121 125 181 187 213 215 231 243 189 191 204 210 256 268 256 272
10RS29 RS 144 144 176 184 211 211 248 250 248 248 175 177 117 121 187 191 213 213 243 243 189 195 210 210 262 270 256 276
10RS30 RS 142 144 182 184 211 211 246 250 244 246 175 185 121 125 187 193 213 213 237 243 183 195 204 210 242 268 256 288
10RS31 RS 142 144 182 184 211 211 230 244 242 248 175 177 113 121 181 187 215 215 237 243 183 189 210 210 258 266 274 282
10RS32 RS 140 140 184 184 211 213 248 248 244 248 175 175 117 121 169 173 213 215 243 243 189 191 204 210 252 266 262 284
10RS33 RS 144 144 182 184 197 197 246 246 248 252 175 175 121 125 187 187 213 213 243 243 183 183 204 204 242 268 262 272
10RS34 RS 144 144 176 182 211 213 252 252 246 250 175 185 117 121 177 181 213 213 231 243 185 189 204 222 270 274 262 264
10RS36 RS 142 144 182 184 197 211 246 250 240 244 175 177 121 125 187 187 213 215 243 243 183 195 204 210 270 274 262 274
10RS37 RS 140 144 182 184 197 213 230 242 240 252 175 185 121 121 173 177 213 215 231 243 183 185 210 210 246 276 262 262
10RS38 RS 140 144 176 182 211 215 224 248 246 248 175 175 117 121 169 169 213 213 231 243 191 191 210 210 0 0 262 276
10RS39 RS 140 140 182 184 211 213 248 250 248 250 177 177 117 117 187 187 213 215 243 243 185 193 210 210 270 276 262 276
10RS40 RS 144 144 182 182 211 211 230 230 242 250 175 177 121 121 187 191 213 215 239 243 183 183 204 210 266 272 262 282
10RS41 RS 144 152 182 184 211 211 242 252 240 248 175 175 117 121 181 187 213 213 239 243 185 189 204 210 260 268 256 262
10RS42 RS 140 144 184 186 211 211 242 248 240 250 175 185 121 125 187 191 213 213 239 243 183 191 210 210 258 268 256 256
10RS43 RS 140 144 186 186 211 211 230 248 240 250 175 177 121 125 181 187 213 215 231 243 183 183 210 210 270 272 262 278
10RS44 RS 142 142 182 184 211 211 0 0 0 0 175 185 121 125 179 193 213 215 0 0 0 0 204 204 0 0 0 0
10RS45 RS 140 144 184 184 211 215 242 250 242 248 175 175 121 125 187 193 213 213 239 243 189 191 204 210 262 276 262 296
10RS46 RS 140 140 182 184 211 211 246 250 248 250 175 175 117 117 173 191 213 213 237 243 183 191 210 210 256 270 256 262
10RS47 RS 140 144 184 184 211 215 242 250 242 248 175 175 121 125 187 193 213 213 239 243 189 191 204 210 262 262 262 296
10RS48 RS 140 144 182 184 197 211 250 250 240 248 175 175 117 121 177 187 213 213 243 243 183 189 204 210 242 262 262 262
10RS49 RS 142 142 184 184 211 211 250 250 244 252 177 185 117 121 187 195 213 213 231 237 191 191 210 210 252 262 268 282
10RS50 RS 140 142 182 182 211 211 230 250 240 246 175 175 117 121 177 187 213 213 231 245 191 191 202 210 246 252 262 282
10RS51 RS 142 144 176 186 211 211 230 246 240 244 175 175 121 125 177 177 213 213 237 243 183 183 204 210 270 276 262 262
10RS52 RS 144 144 182 184 197 211 246 246 250 250 175 175 121 125 181 189 213 213 237 243 185 189 210 222 252 264 260 268
10RS53 RS 124 144 182 184 211 211 248 250 244 246 175 177 121 125 187 195 213 213 231 243 189 191 210 210 254 258 262 262
10RS54 RS 144 144 182 184 197 211 244 246 250 250 175 175 121 125 181 189 213 213 237 243 185 189 210 222 252 264 260 268
10RS55 RS 140 144 0 0 211 211 0 0 0 0 175 177 117 117 0 0 213 215 0 0 0 0 210 210 262 270 256 262
10RS56 RS 140 140 182 184 211 211 246 250 248 250 175 175 117 117 173 191 213 213 237 243 183 191 210 210 256 270 256 262
T RS 142 144 182 184 211 211 230 244 242 248 175 177 113 121 181 187 215 215 237 243 183 189 210 210 258 268 274 282
9D22 D 144 144 182 182 211 211 228 236 242 242 175 175 121 121 187 187 213 213 243 243 185 191 210 210 270 270 262 276
9D23 D 144 144 182 184 211 211 230 234 240 248 175 175 125 125 0 0 213 213 237 243 185 191 210 210 252 272 262 274
9D24 D 144 144 182 184 197 197 228 234 250 250 175 175 117 121 0 0 213 213 237 237 189 189 210 210 256 258 286 286
9D25 D 144 144 182 184 211 211 222 222 244 244 173 185 117 121 187 187 213 213 243 243 183 183 210 210 252 278 262 282
9D26 D 144 144 182 182 197 211 228 228 240 240 173 173 121 121 179 181 213 213 237 237 185 185 204 210 252 268 262 262
9D27 D 144 144 182 184 197 197 228 236 244 244 173 173 121 125 0 0 213 213 0 0 183 183 204 204 0 0 262 262
9D28 D 144 144 182 182 211 211 236 236 242 242 175 175 121 121 179 189 213 213 237 237 183 183 210 210 0 0 262 274
9D29 D 144 144 182 184 211 211 0 0 240 240 171 175 121 121 0 0 213 213 0 0 191 191 196 196 264 264 262 262
9D30 D 144 144 182 184 213 213 242 242 240 240 175 175 117 117 187 187 213 213 0 0 183 183 210 210 264 264 276 276
9D31 D 144 144 182 184 211 211 230 230 0 0 175 175 117 117 0 0 213 213 0 0 189 191 210 210 270 270 262 262
9D32 D 144 144 182 182 207 211 0 0 0 0 175 175 121 121 0 0 213 213 237 237 183 183 204 204 0 0 262 262
9D33 D 144 144 182 182 211 211 242 242 0 0 175 175 121 121 0 0 213 213 0 0 191 191 204 210 252 252 270 270
9D34 D 140 144 182 182 211 211 242 242 0 0 177 177 117 121 0 0 211 211 0 0 185 185 214 214 270 270 256 272
9D35 D 144 144 182 184 211 211 228 228 0 0 175 175 121 121 0 0 0 0 0 0 195 195 210 210 242 242 256 256
9D36 D 144 144 182 184 201 201 230 242 0 0 175 175 121 125 0 0 215 215 0 0 183 189 204 204 0 0 262 262
9D37 D 144 144 182 184 211 211 0 0 0 0 175 175 117 117 0 0 213 213 0 0 189 191 210 210 250 252 260 260
9D38 D 144 144 182 184 209 209 230 230 0 0 175 175 121 121 0 0 213 213 243 243 183 189 204 222 0 0 278 280
9D39 D 144 144 182 184 193 207 0 0 0 0 175 175 117 125 0 0 213 213 0 0 0 0 0 0 256 256 262 270
9D40 D 144 144 182 182 211 211 0 0 0 0 173 173 117 125 0 0 215 215 0 0 0 0 210 210 262 262 262 262
9D41 D 140 144 182 184 211 211 242 242 240 240 175 175 121 125 181 187 213 213 243 243 0 0 204 204 252 252 256 282
9D42 D 144 144 182 182 211 211 0 0 0 0 175 175 121 125 0 0 213 213 0 0 183 191 210 210 256 264 256 282
9D43 D 144 144 182 184 211 211 0 0 0 0 175 177 125 125 0 0 213 213 0 0 185 191 210 210 268 268 262 262
9D44 D 144 144 182 184 211 215 0 0 0 0 175 175 117 121 0 0 213 213 0 0 191 191 210 210 268 270 274 274
9D45 D 144 144 182 184 0 0 248 250 240 240 173 175 125 125 173 177 213 213 0 0 183 195 210 210 270 270 268 268
9D46 D 144 144 182 184 197 213 0 0 246 246 171 171 121 121 0 0 213 213 0 0 185 191 210 210 256 270 256 262
9D47 D 144 144 182 182 209 209 246 250 240 248 175 175 117 121 189 189 213 215 243 243 0 0 208 208 0 0 262 262
9D48 D 144 144 182 182 211 215 0 0 0 0 175 175 125 125 0 0 213 213 0 0 183 187 210 210 258 270 256 268
9D49 D 144 144 182 182 211 211 0 0 0 0 183 183 121 121 0 0 211 211 0 0 183 189 210 210 266 266 0 0
9D50 D 140 144 182 182 211 211 250 250 0 0 173 175 117 125 187 187 213 213 0 0 185 193 212 212 248 248 256 262
9D51 D 144 144 182 184 213 213 0 0 0 0 173 175 121 121 0 0 211 211 0 0 183 185 210 210 274 274 256 262
9D52 D 144 144 182 184 209 213 0 0 0 0 175 177 117 117 0 0 213 213 0 0 183 183 208 208 0 0 262 262
9D53 D 144 144 182 184 211 211 224 224 248 248 175 175 117 117 177 177 213 213 243 243 0 0 0 0 0 0 262 262
9D54 D 144 144 182 182 211 211 230 230 250 250 175 175 117 121 0 0 213 213 0 0 191 195 204 210 270 270 262 282
9D55 D 144 144 182 182 211 211 224 224 0 0 185 185 121 125 0 0 213 213 0 0 191 191 204 210 0 0 262 266
9D56 D 144 144 182 182 197 197 242 250 250 250 0 0 121 125 0 0 215 215 0 0 191 191 210 210 260 260 256 262
9D58 D 144 144 182 182 197 211 232 232 0 0 175 175 117 121 169 169 213 213 0 0 191 191 210 210 256 262 256 262
9D59 D 140 144 182 182 199 211 250 250 0 0 173 175 117 117 173 173 213 213 245 245 193 193 212 212 256 260 256 272
9D60 D 144 144 182 184 211 211 242 242 0 0 173 175 121 121 173 181 213 213 0 0 179 191 204 208 270 270 262 262
9D61 D 144 144 182 182 197 213 0 0 0 0 175 177 117 117 0 0 0 0 0 0 185 191 204 210 266 268 258 262
9D62 D 140 144 182 182 0 0 230 230 240 250 175 177 125 125 177 177 213 213 243 243 179 187 204 204 264 278 256 256
9D63 D 144 144 182 184 197 209 0 0 0 0 179 181 117 117 0 0 213 213 0 0 185 191 204 210 252 252 262 262
9D65 D 144 144 182 182 211 211 242 242 0 0 0 0 121 125 183 187 0 0 0 0 191 193 210 210 268 268 254 254
10D1 D 144 144 182 182 197 197 242 250 250 252 0 0 117 117 187 187 213 213 243 243 191 191 204 210 260 268 256 286
10D2 D 144 144 184 184 211 211 246 248 240 252 0 0 117 121 173 179 213 213 243 243 191 191 210 210 256 256 256 262
10D3 D 144 144 182 184 197 211 230 246 240 246 0 0 121 133 181 187 213 213 237 243 183 191 210 210 258 262 256 262
10D4 D 140 144 184 184 211 211 230 246 240 250 0 0 117 121 169 189 213 213 243 245 183 195 204 210 262 270 262 296
10D5 D 144 144 184 186 205 211 248 250 240 246 0 0 117 117 177 187 213 213 239 243 183 191 210 210 270 270 256 276
10D7 D 142 144 182 184 211 211 252 252 240 248 175 175 125 125 181 187 213 213 237 243 183 189 204 210 268 268 262 278
10D8 D 142 144 184 184 205 213 246 250 242 248 175 175 121 125 187 193 213 215 237 243 183 185 204 210 260 270 260 272
10D9 D 144 144 182 184 211 213 248 250 248 252 175 177 121 125 177 187 213 213 239 243 191 191 204 210 270 270 262 282
10D10 D 142 142 182 184 211 211 246 250 242 244 175 177 121 121 169 179 215 215 243 243 183 191 210 222 262 282 256 256
10D11 D 140 142 182 184 197 205 246 250 244 250 175 175 121 121 177 187 213 213 243 243 195 195 210 222 270 270 262 266
10D12 D 144 144 182 182 211 213 230 230 242 248 175 175 117 125 177 181 213 213 239 245 191 191 204 210 256 270 262 282
10D13 D 144 144 182 184 197 211 242 246 244 252 175 185 117 121 187 191 213 213 243 243 191 191 210 210 270 270 256 262
10D14 D 140 142 184 184 197 211 246 246 248 248 175 175 117 125 187 191 213 213 243 243 189 191 210 210 258 258 256 278
10D15 D 140 144 182 184 211 211 230 248 240 248 175 175 117 117 181 187 213 213 231 237 189 191 210 210 250 252 256 256
10D16 D 140 142 184 186 211 211 242 250 248 248 175 185 121 133 189 193 213 213 231 243 183 183 210 210 266 266 260 284
10D17 D 142 144 176 176 205 211 242 244 250 252 175 175 125 125 173 193 213 213 237 239 189 189 210 210 268 268 262 288
10D18 D 144 144 182 182 211 211 230 250 244 250 175 177 117 121 169 181 213 213 243 243 183 185 204 222 252 276 256 282
10D19 D 144 144 182 186 213 213 244 246 240 248 175 177 121 121 169 181 213 213 231 243 183 189 204 204 270 270 268 282
10D20 D 140 144 176 184 211 213 230 246 240 250 175 185 117 125 187 191 213 215 231 243 183 185 210 210 256 264 280 282
10D21 D 140 144 184 184 197 211 244 246 242 244 175 175 125 125 181 187 213 213 243 245 185 193 204 210 270 270 256 256
10D22 D 142 144 182 184 211 213 246 250 250 250 175 177 121 121 187 191 213 215 231 243 191 191 204 204 252 270 262 262
10D23 D 142 144 182 186 211 211 230 246 248 250 175 175 117 121 181 181 213 213 231 243 183 191 204 224 270 276 260 284
10D24 D 144 144 182 182 211 211 248 250 240 242 175 175 117 125 177 193 213 215 243 243 191 191 210 210 262 268 262 268
10D25 D 140 144 0 0 211 211 242 248 240 244 175 177 121 125 173 177 215 215 243 243 189 191 210 210 256 276 274 282
10D27 D 142 144 184 186 197 213 246 250 244 244 177 185 117 121 173 181 213 213 243 243 185 191 204 204 268 284 256 282
10D29 D 140 140 182 186 211 215 230 246 244 250 177 177 121 125 177 187 213 213 243 243 183 191 210 210 260 276 262 268
10D30 D 140 144 176 182 197 211 244 246 246 248 175 175 117 121 187 187 213 213 237 243 187 191 210 210 252 270 260 262
10D31 D 144 144 182 186 211 211 246 250 242 248 175 177 117 121 181 187 213 213 237 237 189 191 204 210 242 252 260 274
10D32 D 140 140 0 0 207 207 246 250 0 0 175 175 113 121 177 177 213 213 0 0 163 191 210 210 266 266 250 258
10D33 D 140 144 184 184 211 215 242 246 242 242 177 177 117 121 177 187 213 215 231 243 191 191 210 210 242 252 256 262
10D35 D 142 144 186 186 211 211 230 246 248 250 175 175 117 121 181 181 213 213 231 243 183 191 204 224 270 276 260 284
10D36 D 144 144 182 184 211 211 242 246 248 252 175 175 117 121 169 187 213 213 243 243 183 189 210 210 260 270 256 262
10D37 D 142 142 182 182 213 215 240 248 246 248 175 185 121 121 169 191 213 213 239 243 183 191 210 210 268 270 256 276
10D38 D 142 142 182 182 211 215 232 248 242 244 179 179 121 125 0 0 0 0 0 0 185 191 210 210 260 276 258 268
10D41 D 144 144 182 184 197 211 230 246 240 242 177 177 125 125 177 181 213 215 231 243 183 183 204 210 258 278 256 256
10D42 D 140 144 182 184 197 211 230 246 240 248 175 185 121 121 177 181 213 215 243 243 189 191 210 210 270 278 278 282
10D43 D 144 144 184 186 205 211 248 250 240 246 175 175 113 113 177 187 213 213 239 243 183 191 204 210 244 246 256 276
10D45 D 140 144 182 186 197 211 230 246 246 248 175 177 113 133 173 187 213 213 243 243 183 191 210 222 260 268 262 268
10D46 D 140 142 182 186 211 215 246 250 240 248 175 177 125 125 187 189 213 215 243 243 183 187 204 210 258 270 256 268
10D47 D 140 144 182 182 197 211 250 252 244 246 175 175 121 121 169 181 213 213 243 243 183 195 204 210 260 260 282 284
10D48 D 142 144 182 184 203 211 248 250 244 244 175 175 121 121 179 187 213 215 231 237 183 185 204 204 268 276 262 286
10D49 D 144 144 182 182 197 211 246 250 248 250 175 175 121 125 187 189 213 215 231 239 185 189 210 210 252 268 262 282
10D51 D 144 144 182 182 211 213 244 246 242 244 177 185 117 121 189 193 213 213 243 243 191 191 210 222 242 258 262 262
10D52 D 144 144 182 182 211 211 248 248 0 0 175 175 121 121 177 177 213 213 245 245 191 191 210 210 242 258 262 262
10D53 D 144 144 184 186 197 197 246 248 246 248 175 177 117 121 187 187 213 213 243 243 191 195 210 222 264 276 270 286
10D54 D 142 144 182 184 197 211 230 250 244 246 175 177 117 133 181 191 213 213 237 243 191 191 204 210 240 268 252 252
10D55 D 144 144 184 184 211 211 242 246 242 246 175 185 121 121 187 191 213 213 237 243 189 191 204 210 256 272 276 280
9S21 S 144 144 182 186 211 215 230 250 242 242 175 175 117 121 181 191 215 215 243 243 183 191 204 210 250 270 274 284
9S22 S 140 152 182 184 211 211 242 242 250 252 177 185 117 121 173 181 213 213 243 243 191 195 210 210 238 252 256 266
9S23 S 140 144 184 184 197 211 244 246 240 244 175 175 117 125 169 181 213 213 237 237 191 195 210 210 262 264 260 262
9S24 S 144 144 182 184 197 211 242 246 240 248 175 185 117 121 181 189 213 213 243 243 191 195 210 222 262 270 284 298
9S26 S 142 144 182 184 211 211 224 246 240 244 175 175 121 125 181 191 213 213 237 243 191 191 204 204 268 270 256 256
9S28 S 140 142 184 186 197 211 230 244 248 248 175 175 117 117 177 187 213 213 243 243 183 191 204 210 252 260 256 282
9S33 S 140 144 182 186 211 211 230 246 244 244 175 177 125 125 187 187 213 215 231 237 191 195 204 210 256 268 284 286
9S34 S 140 144 182 184 211 211 244 250 244 250 0 0 117 121 0 0 0 0 0 0 183 183 204 210 252 270 262 282
9S36 S 140 144 182 184 211 213 246 248 246 248 175 185 121 121 0 0 0 0 0 0 191 195 210 222 0 0 256 282
9S37 S 140 144 184 184 197 217 230 246 240 244 175 175 121 125 177 187 213 215 243 243 189 189 204 210 246 270 0 0
9S38 S 144 144 182 182 197 197 246 250 248 248 175 175 121 125 177 187 213 213 243 243 183 191 204 222 260 268 262 262
9S39 S 140 140 184 186 211 213 230 250 240 248 175 175 121 125 177 181 213 215 243 243 183 195 210 210 0 0 256 284
9S42 S 144 144 182 186 197 211 242 248 240 252 185 185 117 121 169 187 213 213 231 237 185 185 204 210 256 270 262 282
9S44 S 142 144 176 184 211 211 244 248 242 244 173 175 117 121 177 187 213 213 243 243 195 195 204 210 268 276 268 274
9S45 S 144 144 182 184 197 213 230 230 240 250 175 177 121 125 177 193 213 215 243 243 183 191 204 210 270 288 262 262
9S46 S 144 146 176 186 197 211 242 246 250 250 175 177 117 117 179 191 213 213 237 237 183 189 210 210 252 270 262 282
9S47 S 142 144 182 182 211 211 242 244 250 250 175 177 117 121 169 189 213 213 231 243 183 183 204 210 256 268 256 282
9S48 S 140 144 184 186 197 197 242 242 248 252 175 175 117 121 181 197 213 213 243 245 185 189 204 210 264 270 256 274
9S49 S 144 144 182 182 211 215 242 246 240 248 175 179 117 121 187 195 213 213 237 239 183 191 210 210 252 264 256 268
9S50 S 144 144 0 0 0 0 246 246 248 248 175 179 0 0 187 195 213 215 237 243 0 0 0 0 0 0 256 268
MZ1 MZ 142 144 182 184 211 211 246 250 248 250 175 175 117 125 187 193 213 213 243 243 191 195 204 210 250 268 262 262
MZ2 MZ 140 140 0 0 199 211 0 0 0 0 0 0 117 121 0 0 213 215 0 0 0 0 210 212 0 0 0 0
MZ3 MZ 140 142 182 184 197 197 230 250 244 248 175 177 117 121 187 193 213 215 237 243 183 191 210 222 0 0 262 282
MZ4 MZ 142 144 184 184 211 211 242 246 248 248 175 177 117 121 181 191 213 213 243 243 183 195 204 204 252 270 270 282
MZ5 MZ 142 144 182 184 197 197 230 244 248 252 175 175 121 125 177 187 213 215 231 243 191 191 204 210 242 268 270 278
MZ6 MZ 140 144 184 184 197 211 242 248 244 250 175 175 117 121 169 181 213 213 243 243 191 195 210 210 256 268 262 268
MZ7 MZ 144 144 184 184 211 211 246 248 244 244 175 175 121 121 187 187 213 215 239 243 183 191 204 210 260 270 256 282
M01 MZ 140 144 184 184 0 0 248 248 244 248 175 177 0 0 187 187 213 213 239 243 0 0 0 0 0 0 0 0
M04 MZ 144 144 182 184 211 213 230 244 242 250 175 175 117 117 187 187 213 213 243 243 183 187 204 222 260 270 256 262
M05 MZ 124 144 184 184 197 215 250 250 240 244 175 185 117 125 177 181 213 213 229 243 183 191 210 222 252 270 262 274
M06 MZ 142 144 182 184 211 211 248 250 240 248 175 175 117 117 187 187 213 213 243 243 191 191 210 210 264 272 262 284
M07 MZ 140 142 182 184 225 233 244 244 246 252 175 185 0 0 181 191 213 215 237 243 0 0 0 0 0 0 0 0
M08 MZ 142 144 184 184 205 205 230 252 242 250 175 175 0 0 187 187 213 215 237 243 0 0 0 0 0 0 0 0
M09 MZ 144 144 182 184 197 211 242 250 246 250 0 0 121 125 187 195 213 215 237 243 191 191 204 204 270 270 262 276
M11 MZ 144 144 182 184 211 213 230 246 240 244 175 175 117 117 177 181 213 215 243 243 191 191 204 204 266 270 262 272
M13 MZ 140 144 184 184 211 211 224 230 240 250 0 0 125 133 169 187 213 213 237 237 191 191 204 210 256 282 262 266
M14 MZ 144 144 182 182 211 213 230 250 248 250 0 0 121 121 177 187 213 213 243 243 183 183 204 210 258 276 256 262
M15 MZ 144 144 182 184 197 213 230 246 240 248 175 177 121 121 181 189 213 213 229 243 191 195 210 210 270 276 262 284
M16 MZ 144 144 182 182 211 211 248 248 248 250 175 175 117 121 169 189 213 213 229 237 183 191 204 210 0 0 262 282
M17 MZ 140 144 182 184 211 211 230 246 246 248 175 175 121 125 187 187 213 215 237 237 191 197 204 210 256 270 262 274
M20 MZ 144 144 184 186 0 0 250 250 242 244 175 175 0 0 169 181 213 213 229 243 0 0 0 0 0 0 0 0
M24 MZ 140 144 182 182 211 211 230 242 240 250 0 0 117 117 187 187 213 213 243 243 183 189 0 0 0 0 256 284
SA-1 MZ 142 144 176 182 197 211 244 246 240 248 185 185 121 125 181 181 213 215 243 243 185 189 204 210 242 256 256 282
SA-2 MZ 142 144 184 184 197 211 230 246 240 248 175 175 117 121 169 181 213 213 237 243 189 191 204 222 270 286 260 262
SA-3 MZ 144 144 184 184 197 211 246 246 0 0 175 177 117 121 179 187 213 215 243 243 183 189 204 210 252 270 260 262
SA-4 MZ 142 144 182 184 197 211 242 248 242 250 175 185 121 125 173 193 213 215 231 243 183 191 204 222 264 288 262 284
10N1 N 140 144 182 184 211 211 224 246 242 244 175 177 117 125 187 189 215 215 243 243 189 191 204 210 262 270 262 262
10N2 N 140 144 176 186 211 211 246 246 248 250 175 175 117 121 177 187 213 215 237 243 189 191 204 210 258 276 256 274
10N3 N 144 144 176 184 211 211 250 250 250 250 175 175 121 125 169 169 213 213 243 243 183 191 204 210 256 266 262 276
10N4 N 144 144 176 184 197 197 242 248 248 250 175 175 117 121 187 191 213 213 243 243 183 189 210 222 212 242 260 262
10N5 N 144 144 182 182 211 217 246 248 250 252 175 175 117 121 169 181 213 213 243 243 183 189 204 210 272 276 282 284
10N9 N 144 144 182 182 211 211 248 248 240 246 175 177 117 121 187 191 213 213 231 243 183 191 210 210 264 276 262 274
10N10 N 144 144 182 182 211 215 248 248 240 248 175 177 121 125 187 187 213 213 237 243 191 195 204 204 268 286 256 272
10N14 N 142 144 182 184 211 211 244 246 240 244 175 185 121 125 181 187 213 215 237 243 191 191 204 222 246 252 258 282
10N16 N 142 144 184 186 197 211 246 246 240 240 175 175 117 121 187 187 213 213 237 243 183 191 204 210 252 270 266 288
10N17 N 144 144 182 184 197 197 248 248 248 248 175 177 117 121 187 187 215 215 243 243 191 191 204 224 256 270 262 282
10N18 N 144 144 182 184 211 215 246 246 244 244 175 175 117 117 187 187 213 213 231 243 191 195 222 222 252 268 256 262
10N20 N 124 142 182 184 211 211 248 250 244 246 175 175 117 121 173 177 213 213 237 237 191 195 204 210 252 270 256 262
10N21 N 144 144 182 184 211 211 230 242 0 0 175 175 121 125 181 189 213 213 237 243 185 195 204 210 252 266 268 268
10N22 N 142 144 182 184 197 211 230 246 242 248 175 175 121 121 169 187 213 213 243 243 183 191 210 222 252 262 262 286
10N23 N 140 144 182 182 205 211 248 248 246 248 175 175 125 125 177 177 213 213 237 237 183 183 210 222 252 262 260 262
10N24 N 140 144 184 186 211 213 230 242 248 248 175 175 125 125 187 187 213 213 243 243 191 191 210 210 270 270 256 256
10N25 N 144 144 186 186 211 211 230 246 250 250 175 175 117 117 173 191 213 213 231 243 191 191 204 222 258 274 262 264
10N26 N 140 140 182 184 211 211 230 230 246 250 175 175 117 125 181 187 213 213 237 243 183 183 210 210 258 266 264 282
10N28 N 144 144 176 186 211 215 230 242 240 244 175 185 117 121 179 187 213 215 237 243 183 183 210 210 252 272 266 282
10N29 N 140 144 182 182 197 197 224 248 252 252 185 185 121 125 181 181 213 213 247 247 183 183 204 222 256 270 262 274
10N30 N 144 144 182 184 197 197 252 252 0 0 175 181 125 125 169 187 213 213 231 243 183 191 204 204 252 274 262 262
10N31 N 140 144 182 184 211 211 244 250 244 248 175 175 117 117 169 169 213 213 231 243 183 191 204 210 260 274 272 274
10N33 N 144 144 182 182 197 197 250 250 250 250 175 177 117 125 181 187 213 215 237 243 183 189 204 204 250 266 262 264
10N34 N 144 152 184 184 211 211 230 246 244 246 175 177 121 125 181 187 213 213 237 239 183 189 204 210 258 276 260 262
10N35 N 144 144 184 186 211 215 250 250 244 252 175 185 117 121 0 0 0 0 231 231 183 183 210 210 246 256 256 282
10N37 N 144 144 184 186 195 215 244 244 248 248 175 175 125 125 187 187 213 213 231 237 193 195 210 210 270 270 266 280
10N39 N 144 144 182 182 197 215 230 246 240 240 175 177 117 121 169 187 213 213 237 243 195 195 210 210 252 270 262 276
10N40 N 144 144 182 184 197 211 230 246 248 248 177 177 125 125 187 187 213 213 237 243 189 191 204 210 270 270 262 282
10N41 N 144 144 0 0 197 215 244 244 250 250 175 177 125 125 177 181 213 213 239 243 189 189 204 212 254 272 262 268
10N43 N 144 144 182 182 197 211 244 248 246 246 175 177 117 121 177 189 213 213 239 243 191 195 210 222 252 270 262 284
10N44 N 144 144 184 184 197 211 230 246 244 252 175 175 117 125 187 191 213 213 237 243 191 191 204 210 260 268 258 276
10N45 N 140 144 184 186 197 211 246 246 244 250 175 175 121 125 177 187 213 213 243 243 183 191 204 210 270 270 262 274
10N47 N 144 144 184 186 197 211 230 242 244 252 177 177 121 121 187 187 213 213 243 243 183 189 210 212 268 276 256 262
10N48 N 142 142 184 184 197 211 230 242 244 244 175 185 117 121 0 0 0 0 0 0 183 195 210 212 268 276 262 262
11N01 N 142 144 182 184 197 215 246 250 244 250 185 185 121 121 185 185 215 215 237 243 183 191 210 222 260 270 264 264
11N02 N 144 144 184 186 211 211 244 250 248 250 175 185 121 125 181 187 213 213 231 243 191 191 204 204 268 272 258 274
11N03 N 140 144 184 184 211 211 246 250 244 250 175 185 117 121 177 181 213 215 243 243 183 189 204 210 252 270 258 278
11N04 N 142 144 182 182 197 211 0 0 0 0 175 177 117 125 177 187 211 211 0 0 0 0 0 0 264 270 0 0
11N05 N 142 144 182 182 211 211 230 248 248 248 175 175 117 121 177 197 213 215 243 243 185 191 210 210 242 262 264 272
11N06 N 142 144 184 186 211 211 250 250 240 248 175 175 121 121 173 191 213 213 231 237 183 195 210 210 280 280 258 264
11N07 N 144 144 184 184 197 211 244 246 242 242 175 175 117 117 177 181 213 215 243 243 183 183 204 210 252 264 264 276
11N08 N 140 144 184 184 211 215 230 246 240 252 175 177 117 125 181 187 213 213 239 243 189 191 210 210 262 268 264 286
11N09 N 144 144 176 186 197 211 230 250 240 248 175 175 117 125 187 193 213 215 243 243 191 191 204 210 270 276 276 284
11N10 N 144 144 182 182 211 211 242 248 250 250 175 175 121 121 181 187 213 215 237 245 189 191 204 210 264 264 258 278
11N11 N 140 144 184 186 211 213 244 246 248 250 175 175 117 117 181 187 213 213 243 243 191 195 210 210 256 270 258 264
11N12 N 144 144 176 182 197 211 248 250 244 248 175 177 117 125 177 181 213 213 231 243 183 195 210 210 270 270 258 264
11N13 N 140 144 182 184 211 211 244 248 240 246 175 177 121 121 181 187 213 215 243 243 183 191 204 210 272 272 264 276
11N14 N 140 144 182 184 211 211 246 250 240 250 175 175 121 125 189 193 213 213 243 243 183 189 210 210 260 272 264 284
11N15 N 142 144 182 184 197 211 230 248 244 250 175 177 117 121 177 187 213 213 237 243 189 191 210 210 270 272 258 264
11N16 N 140 144 176 182 211 215 230 250 250 252 175 175 117 121 177 187 213 215 243 243 191 191 210 210 256 260 278 280
11N17 N 140 144 182 184 211 211 246 250 240 250 175 175 121 125 189 193 213 213 243 243 183 189 210 210 260 272 264 284
11N18 N 142 144 182 184 197 211 224 244 248 250 175 175 117 125 185 189 213 215 243 243 183 185 204 204 258 260 270 284
11N19 N 144 144 184 186 211 211 242 248 248 250 175 177 121 125 169 191 213 213 231 243 191 191 210 222 248 272 258 264
11N20 N 140 142 182 184 211 211 242 250 240 244 175 177 117 125 187 187 213 213 243 245 183 191 210 210 262 268 264 278
11N21 N 144 144 184 186 209 215 230 230 246 250 175 177 121 125 181 187 213 215 237 243 185 191 208 208 0 0 254 268
11N22 N 140 142 182 184 211 211 242 250 240 244 175 177 117 125 187 187 213 213 243 245 183 191 210 210 262 268 264 278
11N23 N 124 144 184 186 197 215 242 248 250 250 0 0 121 125 177 181 213 213 237 243 191 191 204 210 268 270 258 264
11N24 N 144 144 182 182 197 211 246 246 246 250 175 175 117 121 177 181 213 213 237 243 191 191 210 210 242 270 258 262
12N01 N 142 144 176 182 211 211 242 246 240 248 175 185 117 121 181 187 213 215 239 243 191 191 204 204 270 270 256 286
12N02 N 144 144 184 184 197 215 230 244 244 248 175 177 121 125 173 187 213 213 237 245 191 191 210 210 252 268 262 262
12N03 N 144 144 172 186 197 211 230 254 248 250 175 177 121 121 187 187 213 215 243 243 183 191 204 210 272 272 256 272
12N04 N 124 142 184 184 197 211 246 252 240 250 175 177 121 121 187 187 213 213 239 243 189 191 204 210 256 262 262 266
12N05 N 142 144 182 184 211 211 242 250 240 248 175 177 121 121 181 195 213 213 243 243 191 191 210 210 264 268 262 262
12N06 N 140 144 182 184 197 215 230 230 240 250 175 175 121 121 177 181 213 213 243 243 189 191 204 210 264 268 262 262
12N07 N 140 144 176 182 211 215 230 250 250 252 175 175 117 121 177 187 213 215 243 243 191 191 210 210 256 260 276 278
12N08 N 142 144 184 186 211 211 244 250 242 252 175 175 117 117 181 181 213 213 231 243 189 191 210 210 268 276 256 260
12N09 N 144 144 184 184 211 211 224 248 240 242 175 175 113 121 187 187 213 215 231 231 189 191 210 210 252 270 256 262
12N10 N 144 144 176 182 211 211 242 244 240 250 185 185 121 121 169 191 213 215 231 243 183 195 204 210 258 268 272 282
12N11 N 144 144 170 186 197 211 230 254 248 250 175 177 121 121 187 187 213 215 243 243 183 191 204 210 272 272 256 272
12N12 N 140 144 182 184 211 211 242 248 244 248 175 177 117 125 181 193 213 213 243 243 183 189 204 210 256 278 262 280
12N13 N 142 144 182 184 211 211 242 246 250 250 175 185 117 117 187 195 213 213 237 243 183 183 210 224 252 260 262 280
12N14 N 140 144 184 184 211 213 230 248 248 248 175 177 121 121 181 187 213 213 231 243 183 191 210 210 256 268 282 282
12N15 N 142 144 182 182 211 211 242 250 246 250 175 177 121 125 187 187 213 213 243 243 191 191 210 210 268 274 256 260
12N16 N 144 144 184 184 197 211 242 250 250 250 175 175 117 121 177 191 213 213 243 243 191 191 210 210 252 270 262 286
12N17 N 140 144 184 184 211 211 246 246 244 248 175 175 117 129 181 187 213 213 243 243 183 189 210 210 260 268 256 262
12N18 N 142 144 184 186 197 211 230 246 248 250 177 185 117 117 187 187 213 213 237 243 183 191 210 210 256 268 282 284
12N19 N 140 144 182 186 211 211 230 248 244 248 177 185 117 121 177 187 213 213 237 245 191 195 210 210 252 268 262 262
12N20 N 142 142 176 184 197 211 230 250 240 242 175 175 117 121 177 187 213 215 231 243 183 191 210 222 258 266 274 276
12N21 N 140 144 182 182 197 197 224 248 248 252 185 185 121 125 181 187 213 215 243 243 183 183 204 222 256 270 262 274
12N22 N 142 144 182 186 211 213 242 244 248 250 175 175 117 121 177 181 213 215 243 243 183 191 204 222 252 254 268 276
12N23 N 124 144 182 182 211 211 246 250 246 250 175 177 117 121 187 191 213 213 243 243 191 191 210 210 252 268 256 256
12N24 N 140 140 184 184 197 211 246 252 244 252 175 175 121 121 169 187 213 213 231 243 183 191 204 210 252 260 262 272
12N25 N 140 144 182 184 197 211 230 246 250 250 175 175 117 121 187 195 213 213 237 243 191 195 210 210 268 276 262 262
12N26 N 140 144 184 184 211 213 244 246 246 248 177 185 121 125 181 195 213 213 243 243 183 183 204 204 268 268 262 284
12N27 N 144 144 184 186 211 211 246 250 248 250 175 185 121 121 181 187 213 213 231 237 183 191 210 210 258 272 256 282
12N28 N 140 142 182 186 197 211 246 250 248 248 175 175 121 125 179 187 213 215 231 243 183 183 204 210 252 268 256 288
12N29 N 142 144 182 184 197 211 242 250 240 248 177 185 121 125 169 179 213 213 243 243 183 191 210 210 270 272 256 262
12N30 N 144 144 182 182 211 211 246 248 248 248 177 185 121 121 169 177 213 215 237 237 183 189 204 210 264 264 256 256
12N31 N 144 144 182 184 211 213 248 250 244 248 175 187 117 121 181 187 213 215 231 243 183 185 210 210 256 268 256 282
12N32 N 140 144 182 184 211 213 244 250 244 248 175 177 117 125 169 191 213 215 243 243 189 189 210 210 252 270 256 272
12N33 N 142 144 182 186 211 211 244 250 242 252 177 185 117 121 187 191 213 213 237 243 183 183 204 210 260 268 262 270
12N34 N 144 144 182 184 197 197 242 248 246 250 175 175 117 125 169 181 213 213 237 243 183 183 210 210 256 290 266 282
12N35 N 144 144 182 184 211 211 242 242 242 250 175 177 117 121 187 187 213 213 243 243 191 191 222 222 252 268 272 282
12N36 N 140 142 184 184 197 211 244 248 240 246 175 177 117 117 187 189 213 215 231 243 191 191 204 210 252 278 276 282
12N37 N 140 142 182 182 211 211 244 252 248 250 175 185 121 121 187 189 213 215 231 237 183 191 204 204 252 258 256 262
12N38 N 144 144 184 186 211 211 230 244 248 248 175 185 117 121 177 181 213 215 243 243 183 191 204 222 254 264 276 282
12N39 N 142 144 182 182 211 211 230 250 250 250 175 175 117 125 177 187 213 215 243 243 183 195 210 210 252 256 262 284
12N40 N 140 144 184 186 211 213 230 242 248 248 175 175 125 125 177 177 213 213 231 243 191 191 210 210 268 268 256 256
12N41 N 140 142 182 182 205 211 230 248 244 250 175 177 117 117 177 187 213 213 231 243 183 183 210 222 242 276 256 282
12N42 N 140 144 184 186 197 211 250 250 248 250 175 175 117 125 187 187 215 215 243 243 189 191 204 210 268 268 274 284
12N43 N 144 144 184 186 211 211 230 230 246 250 175 177 117 121 181 187 213 215 237 243 185 191 204 210 258 268 256 268
12N44 N 140 144 182 184 197 197 230 242 244 250 177 185 117 121 187 187 213 213 243 243 191 191 204 210 268 268 262 262
12N46 N 140 140 184 184 211 211 246 250 242 244 175 177 117 117 177 187 213 213 231 245 187 189 210 222 252 276 262 272
12N47 N 144 144 184 184 197 211 230 248 242 242 175 177 125 125 187 187 213 215 231 245 183 191 210 210 260 268 262 282
12N48 N 140 142 182 184 197 211 242 248 240 248 175 175 117 125 177 191 213 213 231 243 189 191 210 210 256 276 262 262
12N49 N 124 140 182 184 211 211 246 246 242 248 175 175 121 125 177 187 213 213 243 243 191 191 210 210 262 276 256 256
12N50 N 144 144 182 182 211 211 242 248 248 250 175 175 117 117 181 191 213 215 243 243 191 191 204 210 268 268 262 262
12N51 N 140 152 182 184 211 211 244 250 240 242 175 185 121 121 169 187 213 215 243 243 183 191 210 222 262 268 256 270
12N53 N 142 142 176 182 211 211 246 246 242 248 175 177 117 125 179 187 213 213 239 243 189 191 204 204 252 268 262 282
12N54 N 144 144 182 184 211 213 242 248 244 248 175 185 117 117 173 181 213 213 231 243 183 191 210 210 268 276 262 284
12N55 N 144 144 182 186 211 211 230 244 250 250 175 175 117 121 181 187 213 213 243 243 183 183 204 210 252 270 256 262
12N56 N 140 144 182 184 211 211 246 246 244 244 175 175 121 125 181 187 213 215 231 243 189 191 204 210 256 268 256 274
12N57 N 144 144 184 186 211 211 224 246 240 252 177 177 117 125 169 173 213 215 237 243 185 195 210 210 242 268 262 274
12N58 N 144 144 182 184 211 211 230 246 242 248 177 177 117 121 181 187 213 213 243 243 183 183 210 222 258 268 256 268
12N59 N 144 144 176 182 197 211 246 246 250 250 175 177 117 121 169 187 213 213 243 245 191 191 210 210 252 252 256 280
12N60 N 142 144 182 182 211 211 224 244 244 250 175 175 117 117 187 187 213 215 243 243 183 185 204 204 252 268 262 262
12N61 N 142 144 182 182 211 211 230 246 244 246 175 177 117 125 169 187 213 213 237 243 191 195 210 210 242 258 262 266
12N62 N 144 144 184 186 211 211 246 250 248 250 175 185 121 121 181 187 213 213 231 237 183 191 210 210 258 272 256 282
WA-1 N 140 144 182 184 211 211 246 246 244 244 175 175 121 125 181 187 213 215 231 243 189 191 204 210 256 268 256 272
WA-2 N 142 144 182 182 211 211 230 242 244 248 175 177 117 117 187 187 213 213 243 243 185 185 210 210 256 276 256 262
WA-3 N 140 144 182 186 211 211 246 248 250 250 175 175 117 129 185 185 213 213 243 243 191 191 210 210 256 258 256 262
WA-4 N 144 144 182 186 205 211 244 252 240 244 175 185 121 121 169 187 213 213 243 245 183 195 210 210 268 268 256 262
WA-5 N 142 152 176 182 197 211 244 246 248 250 177 185 117 125 181 187 213 213 231 237 183 191 204 210 270 270 256 262
WA-6 N 144 144 184 184 197 215 248 248 242 242 175 185 117 121 189 195 213 215 237 243 183 185 204 210 256 270 256 286
WA-7 N 140 144 184 186 205 211 242 246 240 240 175 177 121 121 169 187 213 215 243 243 183 183 210 210 266 272 262 272
WA-8 N 144 144 182 184 211 211 246 248 244 248 175 175 117 117 173 179 213 213 231 243 191 191 210 210 252 282 256 262
WA-9 N 140 144 182 184 211 211 246 250 240 242 185 185 117 125 187 193 213 213 243 243 191 195 210 210 256 270 284 284
WA-10 N 140 144 182 184 211 213 230 246 248 252 175 175 117 121 177 181 215 215 243 243 183 191 204 210 258 268 256 262
GC01 GC 140 144 184 186 211 211 244 248 248 248 175 185 125 125 187 189 213 213 239 243 183 189 204 222 268 268 262 286
GC02 GC 142 144 182 184 211 211 246 248 240 240 175 175 117 121 177 181 213 215 243 243 183 191 210 210 270 270 272 276
GC03 GC 144 144 176 182 197 211 244 244 240 250 175 177 117 117 169 181 213 213 241 245 191 191 204 210 252 294 262 274
GC04 GC 142 144 182 186 205 211 246 248 244 246 175 177 117 121 179 187 213 215 243 243 183 197 204 210 252 286 274 282
GC05 GC 144 144 184 184 211 211 230 244 248 250 175 175 117 125 187 191 213 213 243 243 185 191 204 204 256 270 256 262
GC06 GC 140 144 182 184 197 211 230 246 244 248 175 175 121 125 169 187 213 213 237 243 183 191 204 210 260 276 262 276
GC07 GC 140 144 184 184 197 213 246 250 248 248 175 175 121 121 169 187 213 213 243 243 191 195 210 210 260 260 256 262
GC08 GC 140 142 182 186 197 213 246 248 240 248 175 177 117 121 173 181 213 213 243 243 189 191 210 210 260 268 262 262
GC09 GC 140 144 184 184 197 211 242 246 240 250 175 175 117 117 187 187 213 215 243 243 183 191 210 222 260 276 262 262
GC10 GC 144 144 182 182 211 211 230 250 238 246 175 177 117 121 169 191 213 213 237 237 183 183 204 204 270 276 256 270
GC11 GC 142 144 182 184 211 211 246 252 240 248 177 177 121 125 177 187 213 213 237 245 185 185 204 210 260 264 284 284
GC12 GC 140 144 182 186 211 211 246 248 248 248 175 175 121 125 169 187 213 215 243 243 191 191 204 210 246 252 262 262
GC13 GC 140 142 182 184 211 215 246 248 248 248 175 175 117 121 169 187 213 213 243 243 183 191 204 210 270 270 256 256
GC14 GC 146 146 184 184 0 0 0 0 0 0 177 179 0 0 173 179 213 215 0 0 0 0 0 0 0 0 0 0
GC15 GC 144 144 184 184 211 215 230 246 242 248 175 175 117 121 187 187 213 213 231 243 185 195 204 210 270 292 256 262
GC16 GC 140 142 182 184 211 215 246 248 248 248 175 175 117 121 169 187 213 213 243 243 183 191 204 210 270 270 256 282
GC17 GC 144 144 182 184 197 211 246 252 244 248 175 177 117 125 181 187 213 213 243 243 183 189 210 210 252 276 262 262
GC18 GC 144 144 182 182 211 211 250 250 248 250 175 185 117 117 177 187 213 213 243 243 191 191 204 210 258 270 256 262
GC19 GC 140 144 182 186 211 211 246 248 248 248 175 175 121 125 169 187 213 215 243 243 191 191 204 210 246 252 262 262
GC20 GC 140 144 184 184 211 211 242 242 242 250 175 177 117 121 181 191 213 215 231 243 183 187 204 210 256 260 262 274
GC21 GC 144 144 176 182 211 211 240 244 244 246 175 177 121 125 191 195 213 213 237 243 183 191 204 210 278 282 256 286
GC22 GC 140 142 182 182 197 211 248 252 244 248 175 185 117 121 187 187 213 213 237 243 189 191 210 210 270 272 260 266
GC23 GC 142 144 184 184 197 211 246 250 240 244 175 175 117 121 169 187 213 213 243 243 183 191 210 222 268 268 256 274
GC24 GC 140 144 182 184 197 205 230 250 244 244 175 177 117 121 169 187 213 213 243 245 191 191 210 210 270 270 262 262
GC25 GC 142 144 182 184 211 211 242 250 244 248 175 175 117 125 169 187 213 215 243 243 189 191 210 210 256 270 262 284
GC26 GC 140 144 182 184 197 211 246 248 244 250 175 175 121 125 177 187 213 215 243 245 191 193 210 222 260 294 256 256
GC28 GC 142 144 184 184 197 211 242 250 246 248 175 175 117 121 179 187 213 213 243 243 183 183 210 210 262 268 256 262
GC29 GC 144 144 182 184 211 211 246 252 240 250 175 175 117 117 181 187 213 213 237 243 183 191 210 210 256 256 262 272
GC30 GC 144 144 182 184 211 211 242 248 240 248 175 177 113 133 169 181 213 215 243 243 191 191 204 204 270 270 270 272
GC32 GC 144 144 182 182 0 0 0 0 0 0 175 175 0 0 179 179 213 213 0 0 0 0 0 0 0 0 0 0
GC33 GC 144 144 182 184 0 0 0 0 0 0 175 175 0 0 183 191 213 215 0 0 0 0 0 0 0 0 0 0
GC34 GC 140 142 182 182 205 211 246 246 244 246 175 175 117 121 187 187 213 213 237 239 185 197 210 210 252 274 256 262
GC35 GC 144 144 176 184 197 213 244 246 244 248 175 175 117 117 179 181 213 213 243 243 183 191 204 210 246 258 256 256
GC38 GC 144 144 182 184 211 211 244 246 240 242 175 177 125 125 179 187 213 215 243 243 191 191 210 210 256 260 262 280
GC39 GC 142 144 182 184 197 211 230 248 244 250 175 177 121 125 193 195 213 215 243 243 183 189 204 210 270 272 262 282
GC40 GC 140 144 184 186 211 211 242 248 244 246 177 177 121 121 181 187 213 215 231 231 189 191 210 210 258 258 256 262
GC41 GC 144 144 184 184 211 211 242 242 242 242 175 175 117 125 187 191 213 213 237 243 191 191 210 222 246 270 262 284
GC48 GC 140 142 182 184 197 211 230 246 248 248 175 185 121 121 177 191 213 213 237 243 183 191 210 210 262 262 262 270
GC50 GC 144 144 182 184 197 213 230 248 248 252 175 177 121 125 177 187 213 213 237 243 183 189 210 210 268 272 274 278
GC51 GC 142 144 182 184 211 211 244 250 242 244 175 175 117 121 187 187 213 213 231 239 183 189 210 210 256 270 262 282
GC52 GC 140 140 184 184 211 211 244 246 244 250 175 175 117 121 173 173 213 213 231 231 191 191 204 210 262 268 256 262
GC53 GC 140 144 184 184 211 213 244 246 250 252 175 175 117 121 187 189 213 213 243 245 189 191 204 222 242 268 262 282
GC54 GC 144 144 184 184 205 211 244 246 250 250 177 185 117 121 187 187 213 213 237 243 189 191 204 210 252 264 282 282
GC55 GC 140 144 182 184 211 211 230 250 242 248 175 175 117 121 181 187 213 215 239 243 183 189 204 210 0 0 256 260
GC77 GC 140 142 184 184 211 211 246 246 248 250 175 175 117 121 187 187 213 215 243 243 191 191 210 210 260 272 262 274
GC79 GC 142 144 182 182 211 211 246 248 244 248 177 177 117 121 181 187 213 213 231 243 183 191 210 210 270 280 262 266
GC80 GC 142 144 182 182 0 0 230 244 238 248 175 175 0 0 181 187 213 213 231 243 0 0 204 210 0 0 0 0
Hx01 Hx 144 144 182 182 0 0 0 0 0 0 175 175 0 0 177 177 213 213 0 0 0 0 0 0 0 0 0 0
Hx02 Hx 142 144 176 184 211 215 246 246 240 250 175 175 113 121 177 189 213 215 243 243 191 191 210 210 270 280 274 284
Hx03 Hx 142 144 184 186 211 211 244 244 244 250 175 177 121 121 177 179 213 215 243 243 183 191 204 204 270 270 262 262
Hx04 Hx 142 144 184 186 0 0 244 246 242 250 175 185 0 0 181 181 213 213 237 243 191 191 0 0 0 0 0 0
Hx05 Hx 142 144 184 186 211 211 244 246 242 250 175 185 117 117 181 181 213 213 237 243 191 191 204 204 270 270 262 262
Hx06 Hx 144 144 184 184 211 215 242 244 244 250 185 185 121 121 187 187 213 213 243 243 183 191 204 210 272 272 256 262
Hx07 Hx 142 144 184 186 197 211 230 250 246 250 175 185 117 117 181 187 213 213 231 243 183 183 204 210 270 274 262 270
Hx08 Hx 144 144 182 186 0 0 244 248 240 248 175 175 0 0 187 189 213 213 237 245 0 0 0 0 0 0 0 0
Hx09 Hx 144 144 184 184 211 211 244 244 248 248 175 185 117 121 187 191 213 213 231 243 191 195 204 204 270 274 272 282
Hx10 Hx 142 144 176 184 211 211 244 250 240 248 175 175 117 121 187 189 213 213 243 243 183 183 204 210 270 276 0 0
Hx11 Hx 144 144 184 186 211 215 244 246 240 248 175 175 117 125 177 177 213 213 243 243 189 195 210 210 270 272 262 274
Hx12 Hx 142 144 176 184 211 215 246 246 240 250 175 175 113 121 177 191 213 215 243 243 191 191 0 0 0 0 0 0
Hx13 Hx 142 142 182 184 0 0 0 0 0 0 173 175 0 0 179 183 213 213 0 0 0 0 0 0 0 0 0 0
Hx14 Hx 142 144 176 184 197 211 246 248 246 248 175 175 117 121 181 187 215 215 243 245 183 191 204 204 262 272 262 270
Hx15 Hx 142 142 182 184 0 0 244 244 240 248 175 175 0 0 177 187 213 213 231 243 0 0 0 0 0 0 0 0
Hx16 Hx 144 144 176 184 197 211 244 250 244 246 175 175 117 121 177 189 213 215 231 243 189 191 210 210 250 256 262 262
Hx17 Hx 142 144 176 182 211 215 230 246 250 250 175 177 117 121 177 187 213 213 237 239 183 191 204 204 262 276 256 262
Hx18 Hx 142 142 176 176 211 211 224 250 244 246 175 175 117 121 187 189 213 215 243 243 0 0 204 210 256 270 0 0
Hx19 Hx 142 144 184 186 211 211 230 244 236 250 175 175 125 125 191 191 213 213 243 243 183 183 204 204 252 256 256 256
Hx20 Hx 142 144 184 184 0 0 242 250 240 240 175 177 0 0 191 191 213 213 243 243 183 191 0 0 0 0 0 0
Hx22 Hx 142 144 182 186 197 211 230 246 246 250 175 185 121 121 187 187 213 213 243 243 183 195 204 210 270 272 262 262
Hx23 Hx 142 144 176 184 0 0 246 248 248 248 175 175 0 0 181 187 215 215 243 245 0 0 0 0 0 0 260 268
Hx24 Hx 142 144 184 184 0 0 230 230 250 250 175 175 0 0 181 187 213 213 237 243 0 0 0 0 0 0 0 0
Hx25 Hx 144 144 184 184 211 215 230 230 240 250 175 175 121 125 187 187 213 215 239 243 183 189 204 204 264 270 282 282
Hx27 Hx 144 144 182 182 0 0 0 0 0 0 177 177 0 0 179 187 213 213 0 0 0 0 0 0 0 0 0 0
Hx28 Hx 142 144 184 184 211 211 246 250 248 252 175 177 117 121 181 181 213 215 237 243 183 195 204 210 252 280 274 284
Hx30 Hx 144 144 182 184 211 215 230 250 240 248 175 185 121 121 191 191 213 215 243 243 183 195 204 210 272 272 262 262
Hx33 Hx 142 142 184 186 0 0 230 248 240 250 175 185 0 0 177 181 213 213 231 239 0 0 0 0 0 0 260 260
Hx34 Hx 142 144 176 184 211 211 230 230 248 250 175 175 117 121 179 179 215 215 243 243 189 191 210 210 262 270 256 262
Hx35 Hx 144 144 182 184 211 215 244 244 242 248 175 185 121 121 177 187 213 213 243 243 183 191 204 210 272 278 256 262
Hx37 Hx 144 144 182 184 211 211 242 246 240 246 175 175 117 121 187 191 213 213 243 243 183 189 204 210 272 278 274 284
Hx38 Hx 142 144 176 182 0 0 246 250 240 250 175 175 0 0 187 191 215 215 237 243 191 191 0 0 0 0 262 262
Hx39 Hx 142 144 184 184 211 215 244 250 246 250 175 177 117 117 181 187 213 213 243 243 191 191 210 210 272 276 274 282
Hx40 Hx 144 144 182 184 0 0 0 0 0 0 175 175 0 0 185 185 213 213 0 0 0 0 0 0 0 0 0 0
Hx41 Hx 142 144 184 184 211 211 230 230 240 250 175 175 117 121 191 193 213 213 237 237 191 195 204 204 262 270 272 272
Hx47 Hx 144 144 182 186 0 0 246 248 250 250 175 175 0 0 187 195 213 213 243 245 0 0 0 0 0 0 260 272
Hx48 Hx 142 144 184 186 211 211 230 244 242 250 175 175 117 117 177 187 213 213 243 243 191 191 204 210 270 278 256 256
Hx49 Hx 144 144 182 184 211 211 230 246 250 250 175 175 117 121 181 181 213 213 231 243 191 191 204 210 256 274 262 270
Hx50 Hx 142 144 176 176 211 211 230 244 228 240 185 185 121 121 181 187 213 215 243 243 183 191 204 204 0 272 262 270
Hxb01 Hx 142 144 182 184 211 211 230 250 246 252 175 175 121 121 177 191 213 213 243 243 183 191 204 204 270 270 262 282
Hxb07 Hx 144 144 176 186 211 211 246 250 248 250 175 175 121 125 181 187 213 215 237 245 191 191 204 210 0 0 0 0
Hxb08 Hx 142 144 182 184 211 211 230 244 250 250 175 185 121 121 181 187 213 213 231 245 183 189 210 210 270 270 262 282
Hxb10 Hx 144 144 182 184 211 211 242 250 240 242 175 175 117 121 183 187 213 213 231 243 189 191 204 210 270 272 262 276
Hxb11 Hx 142 144 184 184 211 211 230 244 244 250 175 185 117 117 187 187 213 213 231 243 191 191 204 210 272 272 272 272
Hxb13 Hx 142 144 176 184 211 215 230 246 248 250 175 175 117 121 181 187 213 213 243 245 183 191 204 210 270 272 256 262
Hxb14 Hx 124 144 176 184 0 0 246 252 248 248 175 175 0 0 177 181 213 213 237 243 0 0 0 0 0 0 0 0
Hxb15 Hx 144 144 176 184 211 215 242 244 240 240 175 177 117 117 181 187 213 213 237 243 183 183 204 210 256 270 262 262
Hxb16 Hx 144 144 182 186 211 215 244 246 244 250 175 185 117 121 187 191 213 213 229 243 189 191 210 210 256 270 260 262
HXb20 Hx 144 144 182 184 211 211 230 246 242 250 175 185 117 117 177 191 213 215 229 243 0 0 204 210 262 270 260 260
Hxb21 Hx 144 144 184 184 211 211 246 248 242 250 0 0 121 125 0 0 0 0 0 0 183 191 204 204 272 276 274 282
