A9 A6 A123 Rty7 Rty5 Rty18 D102 Rty23 Rty21 Rty3 E105 E115 A101 A120
10RS03 1 140 144 184 184 211 211 246 248 244 248 175 175 117 121 177 187 213 213 237 243 183 191 204 210 258 270 262 282
10RS04 1 142 142 176 186 197 213 244 246 244 248 175 175 117 121 187 187 213 215 237 237 191 191 204 210 270 270 270 270
10RS05 1 124 144 184 184 209 213 242 244 240 248 175 175 117 117 177 187 213 213 239 243 185 189 210 210 264 270 262 288
10RS06 1 140 142 182 186 211 211 242 246 240 250 177 177 121 121 177 187 213 213 231 231 183 189 210 210 252 270 256 262
10RS07 1 140 142 182 186 211 211 242 246 240 250 177 177 121 121 177 187 213 213 231 231 183 189 210 210 250 268 256 262
10RS08 1 142 144 184 184 211 217 230 242 248 250 175 177 121 121 187 189 213 215 231 243 183 191 210 210 252 276 262 266
10RS09 1 142 144 184 186 211 211 244 248 248 248 175 175 117 125 187 187 213 213 231 243 183 185 210 210 -9 -9 274 286
10RS11 1 140 144 182 184 211 211 230 250 248 250 175 175 117 125 169 173 213 215 231 237 183 185 210 222 252 256 262 264
10RS13 1 142 144 182 184 211 215 230 246 240 250 175 175 117 121 177 193 213 213 231 237 183 183 210 210 246 270 262 272
10RS14 1 144 144 -9 -9 217 217 -9 -9 -9 -9 -9 -9 117 121 -9 -9 213 217 -9 -9 -9 -9 204 210 260 276 -9 -9
10RS15 1 142 144 184 184 211 211 230 244 242 248 175 175 117 125 187 187 213 215 243 243 183 189 204 210 260 276 256 280
10RS16 1 140 140 182 184 197 211 230 244 248 250 175 177 117 125 177 187 213 213 231 243 191 191 210 222 -9 -9 262 274
10RS20 1 140 144 182 186 197 215 246 248 240 244 175 175 121 125 187 187 213 213 231 237 189 189 210 222 284 288 268 272
10RS23 1 142 144 182 186 211 211 246 250 244 248 175 175 117 121 181 191 213 213 243 243 183 187 204 210 266 268 266 286
10RS24 1 144 144 182 184 197 211 246 246 250 250 175 175 121 125 181 189 213 213 237 243 185 189 210 220 250 262 260 268
10RS25 1 142 144 182 184 211 217 246 250 240 242 175 175 117 125 177 187 213 213 243 243 189 191 204 210 260 260 266 284
10RS26 1 142 144 182 182 211 211 246 252 240 248 175 177 117 117 169 179 213 213 231 243 183 185 210 210 252 272 256 282
10RS28 1 140 144 182 184 211 211 246 246 244 244 175 175 121 125 181 187 213 215 231 243 189 191 204 210 256 268 256 272
10RS29 1 144 144 176 184 211 211 248 250 248 248 175 177 117 121 187 191 213 213 243 243 189 195 210 210 262 270 256 276
10RS30 1 142 144 182 184 211 211 246 250 244 246 175 185 121 125 187 193 213 213 237 243 183 195 204 210 242 268 256 288
10RS31 1 142 144 182 184 211 211 230 244 242 248 175 177 113 121 181 187 215 215 237 243 183 189 210 210 258 266 274 282
10RS32 1 140 140 184 184 211 213 248 248 244 248 175 175 117 121 169 173 213 215 243 243 189 191 204 210 252 266 262 284
10RS33 1 144 144 182 184 197 197 246 246 248 252 175 175 121 125 187 187 213 213 243 243 183 183 204 204 242 268 262 272
10RS34 1 144 144 176 182 211 213 252 252 246 250 175 185 117 121 177 181 213 213 231 243 185 189 204 222 270 274 262 264
10RS36 1 142 144 182 184 197 211 246 250 240 244 175 177 121 125 187 187 213 215 243 243 183 195 204 210 270 274 262 274
10RS37 1 140 144 182 184 197 213 230 242 240 252 175 185 121 121 173 177 213 215 231 243 183 185 210 210 246 276 262 262
10RS38 1 140 144 176 182 211 215 224 248 246 248 175 175 117 121 169 169 213 213 231 243 191 191 210 210 -9 -9 262 276
10RS39 1 140 140 182 184 211 213 248 250 248 250 177 177 117 117 187 187 213 215 243 243 185 193 210 210 270 276 262 276
10RS40 1 144 144 182 182 211 211 230 230 242 250 175 177 121 121 187 191 213 215 239 243 183 183 204 210 266 272 262 282
10RS41 1 144 152 182 184 211 211 242 252 240 248 175 175 117 121 181 187 213 213 239 243 185 189 204 210 260 268 256 262
10RS42 1 140 144 184 186 211 211 242 248 240 250 175 185 121 125 187 191 213 213 239 243 183 191 210 210 258 268 256 256
10RS43 1 140 144 186 186 211 211 230 248 240 250 175 177 121 125 181 187 213 215 231 243 183 183 210 210 270 272 262 278
10RS44 1 142 142 182 184 211 211 -9 -9 -9 -9 175 185 121 125 179 193 213 215 -9 -9 -9 -9 204 204 -9 -9 -9 -9
10RS45 1 140 144 184 184 211 215 242 250 242 248 175 175 121 125 187 193 213 213 239 243 189 191 204 210 262 276 262 296
10RS46 1 140 140 182 184 211 211 246 250 248 250 175 175 117 117 173 191 213 213 237 243 183 191 210 210 256 270 256 262
10RS47 1 140 144 184 184 211 215 242 250 242 248 175 175 121 125 187 193 213 213 239 243 189 191 204 210 262 262 262 296
10RS48 1 140 144 182 184 197 211 250 250 240 248 175 175 117 121 177 187 213 213 243 243 183 189 204 210 242 262 262 262
10RS49 1 142 142 184 184 211 211 250 250 244 252 177 185 117 121 187 195 213 213 231 237 191 191 210 210 252 262 268 282
10RS50 1 140 142 182 182 211 211 230 250 240 246 175 175 117 121 177 187 213 213 231 245 191 191 202 210 246 252 262 282
10RS51 1 142 144 176 186 211 211 230 246 240 244 175 175 121 125 177 177 213 213 237 243 183 183 204 210 270 276 262 262
10RS52 1 144 144 182 184 197 211 246 246 250 250 175 175 121 125 181 189 213 213 237 243 185 189 210 222 252 264 260 268
10RS53 1 124 144 182 184 211 211 248 250 244 246 175 177 121 125 187 195 213 213 231 243 189 191 210 210 254 258 262 262
10RS54 1 144 144 182 184 197 211 244 246 250 250 175 175 121 125 181 189 213 213 237 243 185 189 210 222 252 264 260 268
10RS55 1 140 144 -9 -9 211 211 -9 -9 -9 -9 175 177 117 117 -9 -9 213 215 -9 -9 -9 -9 210 210 262 270 256 262
10RS56 1 140 140 182 184 211 211 246 250 248 250 175 175 117 117 173 191 213 213 237 243 183 191 210 210 256 270 256 262
T 1 142 144 182 184 211 211 230 244 242 248 175 177 113 121 181 187 215 215 237 243 183 189 210 210 258 268 274 282
9D22 2 144 144 182 182 211 211 228 236 242 242 175 175 121 121 187 187 213 213 243 243 185 191 210 210 270 270 262 276
9D23 2 144 144 182 184 211 211 230 234 240 248 175 175 125 125 -9 -9 213 213 237 243 185 191 210 210 252 272 262 274
9D24 2 144 144 182 184 197 197 228 234 250 250 175 175 117 121 -9 -9 213 213 237 237 189 189 210 210 256 258 286 286
9D25 2 144 144 182 184 211 211 222 222 244 244 173 185 117 121 187 187 213 213 243 243 183 183 210 210 252 278 262 282
9D26 2 144 144 182 182 197 211 228 228 240 240 173 173 121 121 179 181 213 213 237 237 185 185 204 210 252 268 262 262
9D27 2 144 144 182 184 197 197 228 236 244 244 173 173 121 125 -9 -9 213 213 -9 -9 183 183 204 204 -9 -9 262 262
9D28 2 144 144 182 182 211 211 236 236 242 242 175 175 121 121 179 189 213 213 237 237 183 183 210 210 -9 -9 262 274
9D29 2 144 144 182 184 211 211 -9 -9 240 240 171 175 121 121 -9 -9 213 213 -9 -9 191 191 196 196 264 264 262 262
9D30 2 144 144 182 184 213 213 242 242 240 240 175 175 117 117 187 187 213 213 -9 -9 183 183 210 210 264 264 276 276
9D31 2 144 144 182 184 211 211 230 230 -9 -9 175 175 117 117 -9 -9 213 213 -9 -9 189 191 210 210 270 270 262 262
9D32 2 144 144 182 182 207 211 -9 -9 -9 -9 175 175 121 121 -9 -9 213 213 237 237 183 183 204 204 -9 -9 262 262
9D33 2 144 144 182 182 211 211 242 242 -9 -9 175 175 121 121 -9 -9 213 213 -9 -9 191 191 204 210 252 252 270 270
9D34 2 140 144 182 182 211 211 242 242 -9 -9 177 177 117 121 -9 -9 211 211 -9 -9 185 185 214 214 270 270 256 272
9D35 2 144 144 182 184 211 211 228 228 -9 -9 175 175 121 121 -9 -9 -9 -9 -9 -9 195 195 210 210 242 242 256 256
9D36 2 144 144 182 184 201 201 230 242 -9 -9 175 175 121 125 -9 -9 215 215 -9 -9 183 189 204 204 -9 -9 262 262
9D37 2 144 144 182 184 211 211 -9 -9 -9 -9 175 175 117 117 -9 -9 213 213 -9 -9 189 191 210 210 250 252 260 260
9D38 2 144 144 182 184 209 209 230 230 -9 -9 175 175 121 121 -9 -9 213 213 243 243 183 189 204 222 -9 -9 278 280
9D39 2 144 144 182 184 193 207 -9 -9 -9 -9 175 175 117 125 -9 -9 213 213 -9 -9 -9 -9 -9 -9 256 256 262 270
9D40 2 144 144 182 182 211 211 -9 -9 -9 -9 173 173 117 125 -9 -9 215 215 -9 -9 -9 -9 210 210 262 262 262 262
9D41 2 140 144 182 184 211 211 242 242 240 240 175 175 121 125 181 187 213 213 243 243 -9 -9 204 204 252 252 256 282
9D42 2 144 144 182 182 211 211 -9 -9 -9 -9 175 175 121 125 -9 -9 213 213 -9 -9 183 191 210 210 256 264 256 282
9D43 2 144 144 182 184 211 211 -9 -9 -9 -9 175 177 125 125 -9 -9 213 213 -9 -9 185 191 210 210 268 268 262 262
9D44 2 144 144 182 184 211 215 -9 -9 -9 -9 175 175 117 121 -9 -9 213 213 -9 -9 191 191 210 210 268 270 274 274
9D45 2 144 144 182 184 -9 -9 248 250 240 240 173 175 125 125 173 177 213 213 -9 -9 183 195 210 210 270 270 268 268
9D46 2 144 144 182 184 197 213 -9 -9 246 246 171 171 121 121 -9 -9 213 213 -9 -9 185 191 210 210 256 270 256 262
9D47 2 144 144 182 182 209 209 246 250 240 248 175 175 117 121 189 189 213 215 243 243 -9 -9 208 208 -9 -9 262 262
9D48 2 144 144 182 182 211 215 -9 -9 -9 -9 175 175 125 125 -9 -9 213 213 -9 -9 183 187 210 210 258 270 256 268
9D49 2 144 144 182 182 211 211 -9 -9 -9 -9 183 183 121 121 -9 -9 211 211 -9 -9 183 189 210 210 266 266 -9 -9
9D50 2 140 144 182 182 211 211 250 250 -9 -9 173 175 117 125 187 187 213 213 -9 -9 185 193 212 212 248 248 256 262
9D51 2 144 144 182 184 213 213 -9 -9 -9 -9 173 175 121 121 -9 -9 211 211 -9 -9 183 185 210 210 274 274 256 262
9D52 2 144 144 182 184 209 213 -9 -9 -9 -9 175 177 117 117 -9 -9 213 213 -9 -9 183 183 208 208 -9 -9 262 262
9D53 2 144 144 182 184 211 211 224 224 248 248 175 175 117 117 177 177 213 213 243 243 -9 -9 -9 -9 -9 -9 262 262
9D54 2 144 144 182 182 211 211 230 230 250 250 175 175 117 121 -9 -9 213 213 -9 -9 191 195 204 210 270 270 262 282
9D55 2 144 144 182 182 211 211 224 224 -9 -9 185 185 121 125 -9 -9 213 213 -9 -9 191 191 204 210 -9 -9 262 266
9D56 2 144 144 182 182 197 197 242 250 250 250 -9 -9 121 125 -9 -9 215 215 -9 -9 191 191 210 210 260 260 256 262
9D58 2 144 144 182 182 197 211 232 232 -9 -9 175 175 117 121 169 169 213 213 -9 -9 191 191 210 210 256 262 256 262
9D59 2 140 144 182 182 199 211 250 250 -9 -9 173 175 117 117 173 173 213 213 245 245 193 193 212 212 256 260 256 272
9D60 2 144 144 182 184 211 211 242 242 -9 -9 173 175 121 121 173 181 213 213 -9 -9 179 191 204 208 270 270 262 262
9D61 2 144 144 182 182 197 213 -9 -9 -9 -9 175 177 117 117 -9 -9 -9 -9 -9 -9 185 191 204 210 266 268 258 262
9D62 2 140 144 182 182 -9 -9 230 230 240 250 175 177 125 125 177 177 213 213 243 243 179 187 204 204 264 278 256 256
9D63 2 144 144 182 184 197 209 -9 -9 -9 -9 179 181 117 117 -9 -9 213 213 -9 -9 185 191 204 210 252 252 262 262
9D65 2 144 144 182 182 211 211 242 242 -9 -9 -9 -9 121 125 183 187 -9 -9 -9 -9 191 193 210 210 268 268 254 254
10D1 2 144 144 182 182 197 197 242 250 250 252 -9 -9 117 117 187 187 213 213 243 243 191 191 204 210 260 268 256 286
10D2 2 144 144 184 184 211 211 246 248 240 252 -9 -9 117 121 173 179 213 213 243 243 191 191 210 210 256 256 256 262
10D3 2 144 144 182 184 197 211 230 246 240 246 -9 -9 121 133 181 187 213 213 237 243 183 191 210 210 258 262 256 262
10D4 2 140 144 184 184 211 211 230 246 240 250 -9 -9 117 121 169 189 213 213 243 245 183 195 204 210 262 270 262 296
10D5 2 144 144 184 186 205 211 248 250 240 246 -9 -9 117 117 177 187 213 213 239 243 183 191 210 210 270 270 256 276
10D7 2 142 144 182 184 211 211 252 252 240 248 175 175 125 125 181 187 213 213 237 243 183 189 204 210 268 268 262 278
10D8 2 142 144 184 184 205 213 246 250 242 248 175 175 121 125 187 193 213 215 237 243 183 185 204 210 260 270 260 272
10D9 2 144 144 182 184 211 213 248 250 248 252 175 177 121 125 177 187 213 213 239 243 191 191 204 210 270 270 262 282
10D10 2 142 142 182 184 211 211 246 250 242 244 175 177 121 121 169 179 215 215 243 243 183 191 210 222 262 282 256 256
10D11 2 140 142 182 184 197 205 246 250 244 250 175 175 121 121 177 187 213 213 243 243 195 195 210 222 270 270 262 266
10D12 2 144 144 182 182 211 213 230 230 242 248 175 175 117 125 177 181 213 213 239 245 191 191 204 210 256 270 262 282
10D13 2 144 144 182 184 197 211 242 246 244 252 175 185 117 121 187 191 213 213 243 243 191 191 210 210 270 270 256 262
10D14 2 140 142 184 184 197 211 246 246 248 248 175 175 117 125 187 191 213 213 243 243 189 191 210 210 258 258 256 278
10D15 2 140 144 182 184 211 211 230 248 240 248 175 175 117 117 181 187 213 213 231 237 189 191 210 210 250 252 256 256
10D16 2 140 142 184 186 211 211 242 250 248 248 175 185 121 133 189 193 213 213 231 243 183 183 210 210 266 266 260 284
10D17 2 142 144 176 176 205 211 242 244 250 252 175 175 125 125 173 193 213 213 237 239 189 189 210 210 268 268 262 288
10D18 2 144 144 182 182 211 211 230 250 244 250 175 177 117 121 169 181 213 213 243 243 183 185 204 222 252 276 256 282
10D19 2 144 144 182 186 213 213 244 246 240 248 175 177 121 121 169 181 213 213 231 243 183 189 204 204 270 270 268 282
10D20 2 140 144 176 184 211 213 230 246 240 250 175 185 117 125 187 191 213 215 231 243 183 185 210 210 256 264 280 282
10D21 2 140 144 184 184 197 211 244 246 242 244 175 175 125 125 181 187 213 213 243 245 185 193 204 210 270 270 256 256
10D22 2 142 144 182 184 211 213 246 250 250 250 175 177 121 121 187 191 213 215 231 243 191 191 204 204 252 270 262 262
10D23 2 142 144 182 186 211 211 230 246 248 250 175 175 117 121 181 181 213 213 231 243 183 191 204 224 270 276 260 284
10D24 2 144 144 182 182 211 211 248 250 240 242 175 175 117 125 177 193 213 215 243 243 191 191 210 210 262 268 262 268
10D25 2 140 144 -9 -9 211 211 242 248 240 244 175 177 121 125 173 177 215 215 243 243 189 191 210 210 256 276 274 282
10D27 2 142 144 184 186 197 213 246 250 244 244 177 185 117 121 173 181 213 213 243 243 185 191 204 204 268 284 256 282
10D29 2 140 140 182 186 211 215 230 246 244 250 177 177 121 125 177 187 213 213 243 243 183 191 210 210 260 276 262 268
10D30 2 140 144 176 182 197 211 244 246 246 248 175 175 117 121 187 187 213 213 237 243 187 191 210 210 252 270 260 262
10D31 2 144 144 182 186 211 211 246 250 242 248 175 177 117 121 181 187 213 213 237 237 189 191 204 210 242 252 260 274
10D32 2 140 140 -9 -9 207 207 246 250 -9 -9 175 175 113 121 177 177 213 213 -9 -9 163 191 210 210 266 266 250 258
10D33 2 140 144 184 184 211 215 242 246 242 242 177 177 117 121 177 187 213 215 231 243 191 191 210 210 242 252 256 262
10D35 2 142 144 186 186 211 211 230 246 248 250 175 175 117 121 181 181 213 213 231 243 183 191 204 224 270 276 260 284
10D36 2 144 144 182 184 211 211 242 246 248 252 175 175 117 121 169 187 213 213 243 243 183 189 210 210 260 270 256 262
10D37 2 142 142 182 182 213 215 240 248 246 248 175 185 121 121 169 191 213 213 239 243 183 191 210 210 268 270 256 276
10D38 2 142 142 182 182 211 215 232 248 242 244 179 179 121 125 -9 -9 -9 -9 -9 -9 185 191 210 210 260 276 258 268
10D41 2 144 144 182 184 197 211 230 246 240 242 177 177 125 125 177 181 213 215 231 243 183 183 204 210 258 278 256 256
10D42 2 140 144 182 184 197 211 230 246 240 248 175 185 121 121 177 181 213 215 243 243 189 191 210 210 270 278 278 282
10D43 2 144 144 184 186 205 211 248 250 240 246 175 175 113 113 177 187 213 213 239 243 183 191 204 210 244 246 256 276
10D45 2 140 144 182 186 197 211 230 246 246 248 175 177 113 133 173 187 213 213 243 243 183 191 210 222 260 268 262 268
10D46 2 140 142 182 186 211 215 246 250 240 248 175 177 125 125 187 189 213 215 243 243 183 187 204 210 258 270 256 268
10D47 2 140 144 182 182 197 211 250 252 244 246 175 175 121 121 169 181 213 213 243 243 183 195 204 210 260 260 282 284
10D48 2 142 144 182 184 203 211 248 250 244 244 175 175 121 121 179 187 213 215 231 237 183 185 204 204 268 276 262 286
10D49 2 144 144 182 182 197 211 246 250 248 250 175 175 121 125 187 189 213 215 231 239 185 189 210 210 252 268 262 282
10D51 2 144 144 182 182 211 213 244 246 242 244 177 185 117 121 189 193 213 213 243 243 191 191 210 222 242 258 262 262
10D52 2 144 144 182 182 211 211 248 248 -9 -9 175 175 121 121 177 177 213 213 245 245 191 191 210 210 242 258 262 262
10D53 2 144 144 184 186 197 197 246 248 246 248 175 177 117 121 187 187 213 213 243 243 191 195 210 222 264 276 270 286
10D54 2 142 144 182 184 197 211 230 250 244 246 175 177 117 133 181 191 213 213 237 243 191 191 204 210 240 268 252 252
10D55 2 144 144 184 184 211 211 242 246 242 246 175 185 121 121 187 191 213 213 237 243 189 191 204 210 256 272 276 280
9S21 3 144 144 182 186 211 215 230 250 242 242 175 175 117 121 181 191 215 215 243 243 183 191 204 210 250 270 274 284
9S22 3 140 152 182 184 211 211 242 242 250 252 177 185 117 121 173 181 213 213 243 243 191 195 210 210 238 252 256 266
9S23 3 140 144 184 184 197 211 244 246 240 244 175 175 117 125 169 181 213 213 237 237 191 195 210 210 262 264 260 262
9S24 3 144 144 182 184 197 211 242 246 240 248 175 185 117 121 181 189 213 213 243 243 191 195 210 222 262 270 284 298
9S26 3 142 144 182 184 211 211 224 246 240 244 175 175 121 125 181 191 213 213 237 243 191 191 204 204 268 270 256 256
9S28 3 140 142 184 186 197 211 230 244 248 248 175 175 117 117 177 187 213 213 243 243 183 191 204 210 252 260 256 282
9S33 3 140 144 182 186 211 211 230 246 244 244 175 177 125 125 187 187 213 215 231 237 191 195 204 210 256 268 284 286
9S34 3 140 144 182 184 211 211 244 250 244 250 -9 -9 117 121 -9 -9 -9 -9 -9 -9 183 183 204 210 252 270 262 282
9S36 3 140 144 182 184 211 213 246 248 246 248 175 185 121 121 -9 -9 -9 -9 -9 -9 191 195 210 222 -9 -9 256 282
9S37 3 140 144 184 184 197 217 230 246 240 244 175 175 121 125 177 187 213 215 243 243 189 189 204 210 246 270 -9 -9
9S38 3 144 144 182 182 197 197 246 250 248 248 175 175 121 125 177 187 213 213 243 243 183 191 204 222 260 268 262 262
9S39 3 140 140 184 186 211 213 230 250 240 248 175 175 121 125 177 181 213 215 243 243 183 195 210 210 -9 -9 256 284
9S42 3 144 144 182 186 197 211 242 248 240 252 185 185 117 121 169 187 213 213 231 237 185 185 204 210 256 270 262 282
9S44 3 142 144 176 184 211 211 244 248 242 244 173 175 117 121 177 187 213 213 243 243 195 195 204 210 268 276 268 274
9S45 3 144 144 182 184 197 213 230 230 240 250 175 177 121 125 177 193 213 215 243 243 183 191 204 210 270 288 262 262
9S46 3 144 146 176 186 197 211 242 246 250 250 175 177 117 117 179 191 213 213 237 237 183 189 210 210 252 270 262 282
9S47 3 142 144 182 182 211 211 242 244 250 250 175 177 117 121 169 189 213 213 231 243 183 183 204 210 256 268 256 282
9S48 3 140 144 184 186 197 197 242 242 248 252 175 175 117 121 181 197 213 213 243 245 185 189 204 210 264 270 256 274
9S49 3 144 144 182 182 211 215 242 246 240 248 175 179 117 121 187 195 213 213 237 239 183 191 210 210 252 264 256 268
9S50 3 144 144 -9 -9 -9 -9 246 246 248 248 175 179 -9 -9 187 195 213 215 237 243 -9 -9 -9 -9 -9 -9 256 268
MZ1 4 142 144 182 184 211 211 246 250 248 250 175 175 117 125 187 193 213 213 243 243 191 195 204 210 250 268 262 262
MZ2 4 140 140 -9 -9 199 211 -9 -9 -9 -9 -9 -9 117 121 -9 -9 213 215 -9 -9 -9 -9 210 212 -9 -9 -9 -9
MZ3 4 140 142 182 184 197 197 230 250 244 248 175 177 117 121 187 193 213 215 237 243 183 191 210 222 -9 -9 262 282
MZ4 4 142 144 184 184 211 211 242 246 248 248 175 177 117 121 181 191 213 213 243 243 183 195 204 204 252 270 270 282
MZ5 4 142 144 182 184 197 197 230 244 248 252 175 175 121 125 177 187 213 215 231 243 191 191 204 210 242 268 270 278
MZ6 4 140 144 184 184 197 211 242 248 244 250 175 175 117 121 169 181 213 213 243 243 191 195 210 210 256 268 262 268
MZ7 4 144 144 184 184 211 211 246 248 244 244 175 175 121 121 187 187 213 215 239 243 183 191 204 210 260 270 256 282
M01 4 140 144 184 184 -9 -9 248 248 244 248 175 177 -9 -9 187 187 213 213 239 243 -9 -9 -9 -9 -9 -9 -9 -9
M04 4 144 144 182 184 211 213 230 244 242 250 175 175 117 117 187 187 213 213 243 243 183 187 204 222 260 270 256 262
M05 4 124 144 184 184 197 215 250 250 240 244 175 185 117 125 177 181 213 213 229 243 183 191 210 222 252 270 262 274
M06 4 142 144 182 184 211 211 248 250 240 248 175 175 117 117 187 187 213 213 243 243 191 191 210 210 264 272 262 284
M07 4 140 142 182 184 225 233 244 244 246 252 175 185 -9 -9 181 191 213 215 237 243 -9 -9 -9 -9 -9 -9 -9 -9
M08 4 142 144 184 184 205 205 230 252 242 250 175 175 -9 -9 187 187 213 215 237 243 -9 -9 -9 -9 -9 -9 -9 -9
M09 4 144 144 182 184 197 211 242 250 246 250 -9 -9 121 125 187 195 213 215 237 243 191 191 204 204 270 270 262 276
M11 4 144 144 182 184 211 213 230 246 240 244 175 175 117 117 177 181 213 215 243 243 191 191 204 204 266 270 262 272
M13 4 140 144 184 184 211 211 224 230 240 250 -9 -9 125 133 169 187 213 213 237 237 191 191 204 210 256 282 262 266
M14 4 144 144 182 182 211 213 230 250 248 250 -9 -9 121 121 177 187 213 213 243 243 183 183 204 210 258 276 256 262
M15 4 144 144 182 184 197 213 230 246 240 248 175 177 121 121 181 189 213 213 229 243 191 195 210 210 270 276 262 284
M16 4 144 144 182 182 211 211 248 248 248 250 175 175 117 121 169 189 213 213 229 237 183 191 204 210 -9 -9 262 282
M17 4 140 144 182 184 211 211 230 246 246 248 175 175 121 125 187 187 213 215 237 237 191 197 204 210 256 270 262 274
M20 4 144 144 184 186 -9 -9 250 250 242 244 175 175 -9 -9 169 181 213 213 229 243 -9 -9 -9 -9 -9 -9 -9 -9
M24 4 140 144 182 182 211 211 230 242 240 250 -9 -9 117 117 187 187 213 213 243 243 183 189 -9 -9 -9 -9 256 284
SA-1 4 142 144 176 182 197 211 244 246 240 248 185 185 121 125 181 181 213 215 243 243 185 189 204 210 242 256 256 282
SA-2 4 142 144 184 184 197 211 230 246 240 248 175 175 117 121 169 181 213 213 237 243 189 191 204 222 270 286 260 262
SA-3 4 144 144 184 184 197 211 246 246 -9 -9 175 177 117 121 179 187 213 215 243 243 183 189 204 210 252 270 260 262
SA-4 4 142 144 182 184 197 211 242 248 242 250 175 185 121 125 173 193 213 215 231 243 183 191 204 222 264 288 262 284
10N1 5 140 144 182 184 211 211 224 246 242 244 175 177 117 125 187 189 215 215 243 243 189 191 204 210 262 270 262 262
10N2 5 140 144 176 186 211 211 246 246 248 250 175 175 117 121 177 187 213 215 237 243 189 191 204 210 258 276 256 274
10N3 5 144 144 176 184 211 211 250 250 250 250 175 175 121 125 169 169 213 213 243 243 183 191 204 210 256 266 262 276
10N4 5 144 144 176 184 197 197 242 248 248 250 175 175 117 121 187 191 213 213 243 243 183 189 210 222 212 242 260 262
10N5 5 144 144 182 182 211 217 246 248 250 252 175 175 117 121 169 181 213 213 243 243 183 189 204 210 272 276 282 284
10N9 5 144 144 182 182 211 211 248 248 240 246 175 177 117 121 187 191 213 213 231 243 183 191 210 210 264 276 262 274
10N10 5 144 144 182 182 211 215 248 248 240 248 175 177 121 125 187 187 213 213 237 243 191 195 204 204 268 286 256 272
10N14 5 142 144 182 184 211 211 244 246 240 244 175 185 121 125 181 187 213 215 237 243 191 191 204 222 246 252 258 282
10N16 5 142 144 184 186 197 211 246 246 240 240 175 175 117 121 187 187 213 213 237 243 183 191 204 210 252 270 266 288
10N17 5 144 144 182 184 197 197 248 248 248 248 175 177 117 121 187 187 215 215 243 243 191 191 204 224 256 270 262 282
10N18 5 144 144 182 184 211 215 246 246 244 244 175 175 117 117 187 187 213 213 231 243 191 195 222 222 252 268 256 262
10N20 5 124 142 182 184 211 211 248 250 244 246 175 175 117 121 173 177 213 213 237 237 191 195 204 210 252 270 256 262
10N21 5 144 144 182 184 211 211 230 242 -9 -9 175 175 121 125 181 189 213 213 237 243 185 195 204 210 252 266 268 268
10N22 5 142 144 182 184 197 211 230 246 242 248 175 175 121 121 169 187 213 213 243 243 183 191 210 222 252 262 262 286
10N23 5 140 144 182 182 205 211 248 248 246 248 175 175 125 125 177 177 213 213 237 237 183 183 210 222 252 262 260 262
10N24 5 140 144 184 186 211 213 230 242 248 248 175 175 125 125 187 187 213 213 243 243 191 191 210 210 270 270 256 256
10N25 5 144 144 186 186 211 211 230 246 250 250 175 175 117 117 173 191 213 213 231 243 191 191 204 222 258 274 262 264
10N26 5 140 140 182 184 211 211 230 230 246 250 175 175 117 125 181 187 213 213 237 243 183 183 210 210 258 266 264 282
10N28 5 144 144 176 186 211 215 230 242 240 244 175 185 117 121 179 187 213 215 237 243 183 183 210 210 252 272 266 282
10N29 5 140 144 182 182 197 197 224 248 252 252 185 185 121 125 181 181 213 213 247 247 183 183 204 222 256 270 262 274
10N30 5 144 144 182 184 197 197 252 252 -9 -9 175 181 125 125 169 187 213 213 231 243 183 191 204 204 252 274 262 262
10N31 5 140 144 182 184 211 211 244 250 244 248 175 175 117 117 169 169 213 213 231 243 183 191 204 210 260 274 272 274
10N33 5 144 144 182 182 197 197 250 250 250 250 175 177 117 125 181 187 213 215 237 243 183 189 204 204 250 266 262 264
10N34 5 144 152 184 184 211 211 230 246 244 246 175 177 121 125 181 187 213 213 237 239 183 189 204 210 258 276 260 262
10N35 5 144 144 184 186 211 215 250 250 244 252 175 185 117 121 -9 -9 -9 -9 231 231 183 183 210 210 246 256 256 282
10N37 5 144 144 184 186 195 215 244 244 248 248 175 175 125 125 187 187 213 213 231 237 193 195 210 210 270 270 266 280
10N39 5 144 144 182 182 197 215 230 246 240 240 175 177 117 121 169 187 213 213 237 243 195 195 210 210 252 270 262 276
10N40 5 144 144 182 184 197 211 230 246 248 248 177 177 125 125 187 187 213 213 237 243 189 191 204 210 270 270 262 282
10N41 5 144 144 -9 -9 197 215 244 244 250 250 175 177 125 125 177 181 213 213 239 243 189 189 204 212 254 272 262 268
10N43 5 144 144 182 182 197 211 244 248 246 246 175 177 117 121 177 189 213 213 239 243 191 195 210 222 252 270 262 284
10N44 5 144 144 184 184 197 211 230 246 244 252 175 175 117 125 187 191 213 213 237 243 191 191 204 210 260 268 258 276
10N45 5 140 144 184 186 197 211 246 246 244 250 175 175 121 125 177 187 213 213 243 243 183 191 204 210 270 270 262 274
10N47 5 144 144 184 186 197 211 230 242 244 252 177 177 121 121 187 187 213 213 243 243 183 189 210 212 268 276 256 262
10N48 5 142 142 184 184 197 211 230 242 244 244 175 185 117 121 -9 -9 -9 -9 -9 -9 183 195 210 212 268 276 262 262
11N01 5 142 144 182 184 197 215 246 250 244 250 185 185 121 121 185 185 215 215 237 243 183 191 210 222 260 270 264 264
11N02 5 144 144 184 186 211 211 244 250 248 250 175 185 121 125 181 187 213 213 231 243 191 191 204 204 268 272 258 274
11N03 5 140 144 184 184 211 211 246 250 244 250 175 185 117 121 177 181 213 215 243 243 183 189 204 210 252 270 258 278
11N04 5 142 144 182 182 197 211 -9 -9 -9 -9 175 177 117 125 177 187 211 211 -9 -9 -9 -9 -9 -9 264 270 -9 -9
11N05 5 142 144 182 182 211 211 230 248 248 248 175 175 117 121 177 197 213 215 243 243 185 191 210 210 242 262 264 272
11N06 5 142 144 184 186 211 211 250 250 240 248 175 175 121 121 173 191 213 213 231 237 183 195 210 210 280 280 258 264
11N07 5 144 144 184 184 197 211 244 246 242 242 175 175 117 117 177 181 213 215 243 243 183 183 204 210 252 264 264 276
11N08 5 140 144 184 184 211 215 230 246 240 252 175 177 117 125 181 187 213 213 239 243 189 191 210 210 262 268 264 286
11N09 5 144 144 176 186 197 211 230 250 240 248 175 175 117 125 187 193 213 215 243 243 191 191 204 210 270 276 276 284
11N10 5 144 144 182 182 211 211 242 248 250 250 175 175 121 121 181 187 213 215 237 245 189 191 204 210 264 264 258 278
11N11 5 140 144 184 186 211 213 244 246 248 250 175 175 117 117 181 187 213 213 243 243 191 195 210 210 256 270 258 264
11N12 5 144 144 176 182 197 211 248 250 244 248 175 177 117 125 177 181 213 213 231 243 183 195 210 210 270 270 258 264
11N13 5 140 144 182 184 211 211 244 248 240 246 175 177 121 121 181 187 213 215 243 243 183 191 204 210 272 272 264 276
11N14 5 140 144 182 184 211 211 246 250 240 250 175 175 121 125 189 193 213 213 243 243 183 189 210 210 260 272 264 284
11N15 5 142 144 182 184 197 211 230 248 244 250 175 177 117 121 177 187 213 213 237 243 189 191 210 210 270 272 258 264
11N16 5 140 144 176 182 211 215 230 250 250 252 175 175 117 121 177 187 213 215 243 243 191 191 210 210 256 260 278 280
11N17 5 140 144 182 184 211 211 246 250 240 250 175 175 121 125 189 193 213 213 243 243 183 189 210 210 260 272 264 284
11N18 5 142 144 182 184 197 211 224 244 248 250 175 175 117 125 185 189 213 215 243 243 183 185 204 204 258 260 270 284
11N19 5 144 144 184 186 211 211 242 248 248 250 175 177 121 125 169 191 213 213 231 243 191 191 210 222 248 272 258 264
11N20 5 140 142 182 184 211 211 242 250 240 244 175 177 117 125 187 187 213 213 243 245 183 191 210 210 262 268 264 278
11N21 5 144 144 184 186 209 215 230 230 246 250 175 177 121 125 181 187 213 215 237 243 185 191 208 208 -9 -9 254 268
11N22 5 140 142 182 184 211 211 242 250 240 244 175 177 117 125 187 187 213 213 243 245 183 191 210 210 262 268 264 278
11N23 5 124 144 184 186 197 215 242 248 250 250 -9 -9 121 125 177 181 213 213 237 243 191 191 204 210 268 270 258 264
11N24 5 144 144 182 182 197 211 246 246 246 250 175 175 117 121 177 181 213 213 237 243 191 191 210 210 242 270 258 262
12N01 5 142 144 176 182 211 211 242 246 240 248 175 185 117 121 181 187 213 215 239 243 191 191 204 204 270 270 256 286
12N02 5 144 144 184 184 197 215 230 244 244 248 175 177 121 125 173 187 213 213 237 245 191 191 210 210 252 268 262 262
12N03 5 144 144 172 186 197 211 230 254 248 250 175 177 121 121 187 187 213 215 243 243 183 191 204 210 272 272 256 272
12N04 5 124 142 184 184 197 211 246 252 240 250 175 177 121 121 187 187 213 213 239 243 189 191 204 210 256 262 262 266
12N05 5 142 144 182 184 211 211 242 250 240 248 175 177 121 121 181 195 213 213 243 243 191 191 210 210 264 268 262 262
12N06 5 140 144 182 184 197 215 230 230 240 250 175 175 121 121 177 181 213 213 243 243 189 191 204 210 264 268 262 262
12N07 5 140 144 176 182 211 215 230 250 250 252 175 175 117 121 177 187 213 215 243 243 191 191 210 210 256 260 276 278
12N08 5 142 144 184 186 211 211 244 250 242 252 175 175 117 117 181 181 213 213 231 243 189 191 210 210 268 276 256 260
12N09 5 144 144 184 184 211 211 224 248 240 242 175 175 113 121 187 187 213 215 231 231 189 191 210 210 252 270 256 262
12N10 5 144 144 176 182 211 211 242 244 240 250 185 185 121 121 169 191 213 215 231 243 183 195 204 210 258 268 272 282
12N11 5 144 144 170 186 197 211 230 254 248 250 175 177 121 121 187 187 213 215 243 243 183 191 204 210 272 272 256 272
12N12 5 140 144 182 184 211 211 242 248 244 248 175 177 117 125 181 193 213 213 243 243 183 189 204 210 256 278 262 280
12N13 5 142 144 182 184 211 211 242 246 250 250 175 185 117 117 187 195 213 213 237 243 183 183 210 224 252 260 262 280
12N14 5 140 144 184 184 211 213 230 248 248 248 175 177 121 121 181 187 213 213 231 243 183 191 210 210 256 268 282 282
12N15 5 142 144 182 182 211 211 242 250 246 250 175 177 121 125 187 187 213 213 243 243 191 191 210 210 268 274 256 260
12N16 5 144 144 184 184 197 211 242 250 250 250 175 175 117 121 177 191 213 213 243 243 191 191 210 210 252 270 262 286
12N17 5 140 144 184 184 211 211 246 246 244 248 175 175 117 129 181 187 213 213 243 243 183 189 210 210 260 268 256 262
12N18 5 142 144 184 186 197 211 230 246 248 250 177 185 117 117 187 187 213 213 237 243 183 191 210 210 256 268 282 284
12N19 5 140 144 182 186 211 211 230 248 244 248 177 185 117 121 177 187 213 213 237 245 191 195 210 210 252 268 262 262
12N20 5 142 142 176 184 197 211 230 250 240 242 175 175 117 121 177 187 213 215 231 243 183 191 210 222 258 266 274 276
12N21 5 140 144 182 182 197 197 224 248 248 252 185 185 121 125 181 187 213 215 243 243 183 183 204 222 256 270 262 274
12N22 5 142 144 182 186 211 213 242 244 248 250 175 175 117 121 177 181 213 215 243 243 183 191 204 222 252 254 268 276
12N23 5 124 144 182 182 211 211 246 250 246 250 175 177 117 121 187 191 213 213 243 243 191 191 210 210 252 268 256 256
12N24 5 140 140 184 184 197 211 246 252 244 252 175 175 121 121 169 187 213 213 231 243 183 191 204 210 252 260 262 272
12N25 5 140 144 182 184 197 211 230 246 250 250 175 175 117 121 187 195 213 213 237 243 191 195 210 210 268 276 262 262
12N26 5 140 144 184 184 211 213 244 246 246 248 177 185 121 125 181 195 213 213 243 243 183 183 204 204 268 268 262 284
12N27 5 144 144 184 186 211 211 246 250 248 250 175 185 121 121 181 187 213 213 231 237 183 191 210 210 258 272 256 282
12N28 5 140 142 182 186 197 211 246 250 248 248 175 175 121 125 179 187 213 215 231 243 183 183 204 210 252 268 256 288
12N29 5 142 144 182 184 197 211 242 250 240 248 177 185 121 125 169 179 213 213 243 243 183 191 210 210 270 272 256 262
12N30 5 144 144 182 182 211 211 246 248 248 248 177 185 121 121 169 177 213 215 237 237 183 189 204 210 264 264 256 256
12N31 5 144 144 182 184 211 213 248 250 244 248 175 187 117 121 181 187 213 215 231 243 183 185 210 210 256 268 256 282
12N32 5 140 144 182 184 211 213 244 250 244 248 175 177 117 125 169 191 213 215 243 243 189 189 210 210 252 270 256 272
12N33 5 142 144 182 186 211 211 244 250 242 252 177 185 117 121 187 191 213 213 237 243 183 183 204 210 260 268 262 270
12N34 5 144 144 182 184 197 197 242 248 246 250 175 175 117 125 169 181 213 213 237 243 183 183 210 210 256 290 266 282
12N35 5 144 144 182 184 211 211 242 242 242 250 175 177 117 121 187 187 213 213 243 243 191 191 222 222 252 268 272 282
12N36 5 140 142 184 184 197 211 244 248 240 246 175 177 117 117 187 189 213 215 231 243 191 191 204 210 252 278 276 282
12N37 5 140 142 182 182 211 211 244 252 248 250 175 185 121 121 187 189 213 215 231 237 183 191 204 204 252 258 256 262
12N38 5 144 144 184 186 211 211 230 244 248 248 175 185 117 121 177 181 213 215 243 243 183 191 204 222 254 264 276 282
12N39 5 142 144 182 182 211 211 230 250 250 250 175 175 117 125 177 187 213 215 243 243 183 195 210 210 252 256 262 284
12N40 5 140 144 184 186 211 213 230 242 248 248 175 175 125 125 177 177 213 213 231 243 191 191 210 210 268 268 256 256
12N41 5 140 142 182 182 205 211 230 248 244 250 175 177 117 117 177 187 213 213 231 243 183 183 210 222 242 276 256 282
12N42 5 140 144 184 186 197 211 250 250 248 250 175 175 117 125 187 187 215 215 243 243 189 191 204 210 268 268 274 284
12N43 5 144 144 184 186 211 211 230 230 246 250 175 177 117 121 181 187 213 215 237 243 185 191 204 210 258 268 256 268
12N44 5 140 144 182 184 197 197 230 242 244 250 177 185 117 121 187 187 213 213 243 243 191 191 204 210 268 268 262 262
12N46 5 140 140 184 184 211 211 246 250 242 244 175 177 117 117 177 187 213 213 231 245 187 189 210 222 252 276 262 272
12N47 5 144 144 184 184 197 211 230 248 242 242 175 177 125 125 187 187 213 215 231 245 183 191 210 210 260 268 262 282
12N48 5 140 142 182 184 197 211 242 248 240 248 175 175 117 125 177 191 213 213 231 243 189 191 210 210 256 276 262 262
12N49 5 124 140 182 184 211 211 246 246 242 248 175 175 121 125 177 187 213 213 243 243 191 191 210 210 262 276 256 256
12N50 5 144 144 182 182 211 211 242 248 248 250 175 175 117 117 181 191 213 215 243 243 191 191 204 210 268 268 262 262
12N51 5 140 152 182 184 211 211 244 250 240 242 175 185 121 121 169 187 213 215 243 243 183 191 210 222 262 268 256 270
12N53 5 142 142 176 182 211 211 246 246 242 248 175 177 117 125 179 187 213 213 239 243 189 191 204 204 252 268 262 282
12N54 5 144 144 182 184 211 213 242 248 244 248 175 185 117 117 173 181 213 213 231 243 183 191 210 210 268 276 262 284
12N55 5 144 144 182 186 211 211 230 244 250 250 175 175 117 121 181 187 213 213 243 243 183 183 204 210 252 270 256 262
12N56 5 140 144 182 184 211 211 246 246 244 244 175 175 121 125 181 187 213 215 231 243 189 191 204 210 256 268 256 274
12N57 5 144 144 184 186 211 211 224 246 240 252 177 177 117 125 169 173 213 215 237 243 185 195 210 210 242 268 262 274
12N58 5 144 144 182 184 211 211 230 246 242 248 177 177 117 121 181 187 213 213 243 243 183 183 210 222 258 268 256 268
12N59 5 144 144 176 182 197 211 246 246 250 250 175 177 117 121 169 187 213 213 243 245 191 191 210 210 252 252 256 280
12N60 5 142 144 182 182 211 211 224 244 244 250 175 175 117 117 187 187 213 215 243 243 183 185 204 204 252 268 262 262
12N61 5 142 144 182 182 211 211 230 246 244 246 175 177 117 125 169 187 213 213 237 243 191 195 210 210 242 258 262 266
12N62 5 144 144 184 186 211 211 246 250 248 250 175 185 121 121 181 187 213 213 231 237 183 191 210 210 258 272 256 282
WA-1 5 140 144 182 184 211 211 246 246 244 244 175 175 121 125 181 187 213 215 231 243 189 191 204 210 256 268 256 272
WA-2 5 142 144 182 182 211 211 230 242 244 248 175 177 117 117 187 187 213 213 243 243 185 185 210 210 256 276 256 262
WA-3 5 140 144 182 186 211 211 246 248 250 250 175 175 117 129 185 185 213 213 243 243 191 191 210 210 256 258 256 262
WA-4 5 144 144 182 186 205 211 244 252 240 244 175 185 121 121 169 187 213 213 243 245 183 195 210 210 268 268 256 262
WA-5 5 142 152 176 182 197 211 244 246 248 250 177 185 117 125 181 187 213 213 231 237 183 191 204 210 270 270 256 262
WA-6 5 144 144 184 184 197 215 248 248 242 242 175 185 117 121 189 195 213 215 237 243 183 185 204 210 256 270 256 286
WA-7 5 140 144 184 186 205 211 242 246 240 240 175 177 121 121 169 187 213 215 243 243 183 183 210 210 266 272 262 272
WA-8 5 144 144 182 184 211 211 246 248 244 248 175 175 117 117 173 179 213 213 231 243 191 191 210 210 252 282 256 262
WA-9 5 140 144 182 184 211 211 246 250 240 242 185 185 117 125 187 193 213 213 243 243 191 195 210 210 256 270 284 284
WA-10 5 140 144 182 184 211 213 230 246 248 252 175 175 117 121 177 181 215 215 243 243 183 191 204 210 258 268 256 262
GC01 6 140 144 184 186 211 211 244 248 248 248 175 185 125 125 187 189 213 213 239 243 183 189 204 222 268 268 262 286
GC02 6 142 144 182 184 211 211 246 248 240 240 175 175 117 121 177 181 213 215 243 243 183 191 210 210 270 270 272 276
GC03 6 144 144 176 182 197 211 244 244 240 250 175 177 117 117 169 181 213 213 241 245 191 191 204 210 252 294 262 274
GC04 6 142 144 182 186 205 211 246 248 244 246 175 177 117 121 179 187 213 215 243 243 183 197 204 210 252 286 274 282
GC05 6 144 144 184 184 211 211 230 244 248 250 175 175 117 125 187 191 213 213 243 243 185 191 204 204 256 270 256 262
GC06 6 140 144 182 184 197 211 230 246 244 248 175 175 121 125 169 187 213 213 237 243 183 191 204 210 260 276 262 276
GC07 6 140 144 184 184 197 213 246 250 248 248 175 175 121 121 169 187 213 213 243 243 191 195 210 210 260 260 256 262
GC08 6 140 142 182 186 197 213 246 248 240 248 175 177 117 121 173 181 213 213 243 243 189 191 210 210 260 268 262 262
GC09 6 140 144 184 184 197 211 242 246 240 250 175 175 117 117 187 187 213 215 243 243 183 191 210 222 260 276 262 262
GC10 6 144 144 182 182 211 211 230 250 238 246 175 177 117 121 169 191 213 213 237 237 183 183 204 204 270 276 256 270
GC11 6 142 144 182 184 211 211 246 252 240 248 177 177 121 125 177 187 213 213 237 245 185 185 204 210 260 264 284 284
GC12 6 140 144 182 186 211 211 246 248 248 248 175 175 121 125 169 187 213 215 243 243 191 191 204 210 246 252 262 262
GC13 6 140 142 182 184 211 215 246 248 248 248 175 175 117 121 169 187 213 213 243 243 183 191 204 210 270 270 256 256
GC14 6 146 146 184 184 -9 -9 -9 -9 -9 -9 177 179 -9 -9 173 179 213 215 -9 -9 -9 -9 -9 -9 -9 -9 -9 -9
GC15 6 144 144 184 184 211 215 230 246 242 248 175 175 117 121 187 187 213 213 231 243 185 195 204 210 270 292 256 262
GC16 6 140 142 182 184 211 215 246 248 248 248 175 175 117 121 169 187 213 213 243 243 183 191 204 210 270 270 256 282
GC17 6 144 144 182 184 197 211 246 252 244 248 175 177 117 125 181 187 213 213 243 243 183 189 210 210 252 276 262 262
GC18 6 144 144 182 182 211 211 250 250 248 250 175 185 117 117 177 187 213 213 243 243 191 191 204 210 258 270 256 262
GC19 6 140 144 182 186 211 211 246 248 248 248 175 175 121 125 169 187 213 215 243 243 191 191 204 210 246 252 262 262
GC20 6 140 144 184 184 211 211 242 242 242 250 175 177 117 121 181 191 213 215 231 243 183 187 204 210 256 260 262 274
GC21 6 144 144 176 182 211 211 240 244 244 246 175 177 121 125 191 195 213 213 237 243 183 191 204 210 278 282 256 286
GC22 6 140 142 182 182 197 211 248 252 244 248 175 185 117 121 187 187 213 213 237 243 189 191 210 210 270 272 260 266
GC23 6 142 144 184 184 197 211 246 250 240 244 175 175 117 121 169 187 213 213 243 243 183 191 210 222 268 268 256 274
GC24 6 140 144 182 184 197 205 230 250 244 244 175 177 117 121 169 187 213 213 243 245 191 191 210 210 270 270 262 262
GC25 6 142 144 182 184 211 211 242 250 244 248 175 175 117 125 169 187 213 215 243 243 189 191 210 210 256 270 262 284
GC26 6 140 144 182 184 197 211 246 248 244 250 175 175 121 125 177 187 213 215 243 245 191 193 210 222 260 294 256 256
GC28 6 142 144 184 184 197 211 242 250 246 248 175 175 117 121 179 187 213 213 243 243 183 183 210 210 262 268 256 262
GC29 6 144 144 182 184 211 211 246 252 240 250 175 175 117 117 181 187 213 213 237 243 183 191 210 210 256 256 262 272
GC30 6 144 144 182 184 211 211 242 248 240 248 175 177 113 133 169 181 213 215 243 243 191 191 204 204 270 270 270 272
GC32 6 144 144 182 182 -9 -9 -9 -9 -9 -9 175 175 -9 -9 179 179 213 213 -9 -9 -9 -9 -9 -9 -9 -9 -9 -9
GC33 6 144 144 182 184 -9 -9 -9 -9 -9 -9 175 175 -9 -9 183 191 213 215 -9 -9 -9 -9 -9 -9 -9 -9 -9 -9
GC34 6 140 142 182 182 205 211 246 246 244 246 175 175 117 121 187 187 213 213 237 239 185 197 210 210 252 274 256 262
GC35 6 144 144 176 184 197 213 244 246 244 248 175 175 117 117 179 181 213 213 243 243 183 191 204 210 246 258 256 256
GC38 6 144 144 182 184 211 211 244 246 240 242 175 177 125 125 179 187 213 215 243 243 191 191 210 210 256 260 262 280
GC39 6 142 144 182 184 197 211 230 248 244 250 175 177 121 125 193 195 213 215 243 243 183 189 204 210 270 272 262 282
GC40 6 140 144 184 186 211 211 242 248 244 246 177 177 121 121 181 187 213 215 231 231 189 191 210 210 258 258 256 262
GC41 6 144 144 184 184 211 211 242 242 242 242 175 175 117 125 187 191 213 213 237 243 191 191 210 222 246 270 262 284
GC48 6 140 142 182 184 197 211 230 246 248 248 175 185 121 121 177 191 213 213 237 243 183 191 210 210 262 262 262 270
GC50 6 144 144 182 184 197 213 230 248 248 252 175 177 121 125 177 187 213 213 237 243 183 189 210 210 268 272 274 278
GC51 6 142 144 182 184 211 211 244 250 242 244 175 175 117 121 187 187 213 213 231 239 183 189 210 210 256 270 262 282
GC52 6 140 140 184 184 211 211 244 246 244 250 175 175 117 121 173 173 213 213 231 231 191 191 204 210 262 268 256 262
GC53 6 140 144 184 184 211 213 244 246 250 252 175 175 117 121 187 189 213 213 243 245 189 191 204 222 242 268 262 282
GC54 6 144 144 184 184 205 211 244 246 250 250 177 185 117 121 187 187 213 213 237 243 189 191 204 210 252 264 282 282
GC55 6 140 144 182 184 211 211 230 250 242 248 175 175 117 121 181 187 213 215 239 243 183 189 204 210 -9 -9 256 260
GC77 6 140 142 184 184 211 211 246 246 248 250 175 175 117 121 187 187 213 215 243 243 191 191 210 210 260 272 262 274
GC79 6 142 144 182 182 211 211 246 248 244 248 177 177 117 121 181 187 213 213 231 243 183 191 210 210 270 280 262 266
GC80 6 142 144 182 182 -9 -9 230 244 238 248 175 175 -9 -9 181 187 213 213 231 243 -9 -9 204 210 -9 -9 -9 -9
Hx01 7 144 144 182 182 -9 -9 -9 -9 -9 -9 175 175 -9 -9 177 177 213 213 -9 -9 -9 -9 -9 -9 -9 -9 -9 -9
Hx02 7 142 144 176 184 211 215 246 246 240 250 175 175 113 121 177 189 213 215 243 243 191 191 210 210 270 280 274 284
Hx03 7 142 144 184 186 211 211 244 244 244 250 175 177 121 121 177 179 213 215 243 243 183 191 204 204 270 270 262 262
Hx04 7 142 144 184 186 -9 -9 244 246 242 250 175 185 -9 -9 181 181 213 213 237 243 191 191 -9 -9 -9 -9 -9 -9
Hx05 7 142 144 184 186 211 211 244 246 242 250 175 185 117 117 181 181 213 213 237 243 191 191 204 204 270 270 262 262
Hx06 7 144 144 184 184 211 215 242 244 244 250 185 185 121 121 187 187 213 213 243 243 183 191 204 210 272 272 256 262
Hx07 7 142 144 184 186 197 211 230 250 246 250 175 185 117 117 181 187 213 213 231 243 183 183 204 210 270 274 262 270
Hx08 7 144 144 182 186 -9 -9 244 248 240 248 175 175 -9 -9 187 189 213 213 237 245 -9 -9 -9 -9 -9 -9 -9 -9
Hx09 7 144 144 184 184 211 211 244 244 248 248 175 185 117 121 187 191 213 213 231 243 191 195 204 204 270 274 272 282
Hx10 7 142 144 176 184 211 211 244 250 240 248 175 175 117 121 187 189 213 213 243 243 183 183 204 210 270 276 -9 -9
Hx11 7 144 144 184 186 211 215 244 246 240 248 175 175 117 125 177 177 213 213 243 243 189 195 210 210 270 272 262 274
Hx12 7 142 144 176 184 211 215 246 246 240 250 175 175 113 121 177 191 213 215 243 243 191 191 -9 -9 -9 -9 -9 -9
Hx13 7 142 142 182 184 -9 -9 -9 -9 -9 -9 173 175 -9 -9 179 183 213 213 -9 -9 -9 -9 -9 -9 -9 -9 -9 -9
Hx14 7 142 144 176 184 197 211 246 248 246 248 175 175 117 121 181 187 215 215 243 245 183 191 204 204 262 272 262 270
Hx15 7 142 142 182 184 -9 -9 244 244 240 248 175 175 -9 -9 177 187 213 213 231 243 -9 -9 -9 -9 -9 -9 -9 -9
Hx16 7 144 144 176 184 197 211 244 250 244 246 175 175 117 121 177 189 213 215 231 243 189 191 210 210 250 256 262 262
Hx17 7 142 144 176 182 211 215 230 246 250 250 175 177 117 121 177 187 213 213 237 239 183 191 204 204 262 276 256 262
Hx18 7 142 142 176 176 211 211 224 250 244 246 175 175 117 121 187 189 213 215 243 243 -9 -9 204 210 256 270 -9 -9
Hx19 7 142 144 184 186 211 211 230 244 236 250 175 175 125 125 191 191 213 213 243 243 183 183 204 204 252 256 256 256
Hx20 7 142 144 184 184 -9 -9 242 250 240 240 175 177 -9 -9 191 191 213 213 243 243 183 191 -9 -9 -9 -9 -9 -9
Hx22 7 142 144 182 186 197 211 230 246 246 250 175 185 121 121 187 187 213 213 243 243 183 195 204 210 270 272 262 262
Hx23 7 142 144 176 184 -9 -9 246 248 248 248 175 175 -9 -9 181 187 215 215 243 245 -9 -9 -9 -9 -9 -9 260 268
Hx24 7 142 144 184 184 -9 -9 230 230 250 250 175 175 -9 -9 181 187 213 213 237 243 -9 -9 -9 -9 -9 -9 -9 -9
Hx25 7 144 144 184 184 211 215 230 230 240 250 175 175 121 125 187 187 213 215 239 243 183 189 204 204 264 270 282 282
Hx27 7 144 144 182 182 -9 -9 -9 -9 -9 -9 177 177 -9 -9 179 187 213 213 -9 -9 -9 -9 -9 -9 -9 -9 -9 -9
Hx28 7 142 144 184 184 211 211 246 250 248 252 175 177 117 121 181 181 213 215 237 243 183 195 204 210 252 280 274 284
Hx30 7 144 144 182 184 211 215 230 250 240 248 175 185 121 121 191 191 213 215 243 243 183 195 204 210 272 272 262 262
Hx33 7 142 142 184 186 -9 -9 230 248 240 250 175 185 -9 -9 177 181 213 213 231 239 -9 -9 -9 -9 -9 -9 260 260
Hx34 7 142 144 176 184 211 211 230 230 248 250 175 175 117 121 179 179 215 215 243 243 189 191 210 210 262 270 256 262
Hx35 7 144 144 182 184 211 215 244 244 242 248 175 185 121 121 177 187 213 213 243 243 183 191 204 210 272 278 256 262
Hx37 7 144 144 182 184 211 211 242 246 240 246 175 175 117 121 187 191 213 213 243 243 183 189 204 210 272 278 274 284
Hx38 7 142 144 176 182 -9 -9 246 250 240 250 175 175 -9 -9 187 191 215 215 237 243 191 191 -9 -9 -9 -9 262 262
Hx39 7 142 144 184 184 211 215 244 250 246 250 175 177 117 117 181 187 213 213 243 243 191 191 210 210 272 276 274 282
Hx40 7 144 144 182 184 -9 -9 -9 -9 -9 -9 175 175 -9 -9 185 185 213 213 -9 -9 -9 -9 -9 -9 -9 -9 -9 -9
Hx41 7 142 144 184 184 211 211 230 230 240 250 175 175 117 121 191 193 213 213 237 237 191 195 204 204 262 270 272 272
Hx47 7 144 144 182 186 -9 -9 246 248 250 250 175 175 -9 -9 187 195 213 213 243 245 -9 -9 -9 -9 -9 -9 260 272
Hx48 7 142 144 184 186 211 211 230 244 242 250 175 175 117 117 177 187 213 213 243 243 191 191 204 210 270 278 256 256
Hx49 7 144 144 182 184 211 211 230 246 250 250 175 175 117 121 181 181 213 213 231 243 191 191 204 210 256 274 262 270
Hx50 7 142 144 176 176 211 211 230 244 228 240 185 185 121 121 181 187 213 215 243 243 183 191 204 204 -9 272 262 270
Hxb01 7 142 144 182 184 211 211 230 250 246 252 175 175 121 121 177 191 213 213 243 243 183 191 204 204 270 270 262 282
Hxb07 7 144 144 176 186 211 211 246 250 248 250 175 175 121 125 181 187 213 215 237 245 191 191 204 210 -9 -9 -9 -9
Hxb08 7 142 144 182 184 211 211 230 244 250 250 175 185 121 121 181 187 213 213 231 245 183 189 210 210 270 270 262 282
Hxb10 7 144 144 182 184 211 211 242 250 240 242 175 175 117 121 183 187 213 213 231 243 189 191 204 210 270 272 262 276
Hxb11 7 142 144 184 184 211 211 230 244 244 250 175 185 117 117 187 187 213 213 231 243 191 191 204 210 272 272 272 272
Hxb13 7 142 144 176 184 211 215 230 246 248 250 175 175 117 121 181 187 213 213 243 245 183 191 204 210 270 272 256 262
Hxb14 7 124 144 176 184 -9 -9 246 252 248 248 175 175 -9 -9 177 181 213 213 237 243 -9 -9 -9 -9 -9 -9 -9 -9
Hxb15 7 144 144 176 184 211 215 242 244 240 240 175 177 117 117 181 187 213 213 237 243 183 183 204 210 256 270 262 262
Hxb16 7 144 144 182 186 211 215 244 246 244 250 175 185 117 121 187 191 213 213 229 243 189 191 210 210 256 270 260 262
HXb20 7 144 144 182 184 211 211 230 246 242 250 175 185 117 117 177 191 213 215 229 243 -9 -9 204 210 262 270 260 260
Hxb21 7 144 144 184 184 211 211 246 248 242 250 -9 -9 121 125 -9 -9 -9 -9 -9 -9 183 191 204 204 272 276 274 282
